   1000 0.000491
  21000 0.001252
  41000 0.000571
  61000 0.000762
  81000 0.000641
 101000 0.000771
 121000 0.000481
 141000 0.000801
 161000 0.000581
 181000 0.000672
 201000 0.000451
 221000 0.001062
 241000 0.000511
 261000 0.001323
 281000 0.000421
 301000 0.000802
 321000 0.000471
 341000 0.000631
 361000 0.000581
 381000 0.000791
 401000 0.000571
 421000 0.000641
 441000 0.000461
 461000 0.000581
 481000 0.000581
 501000 0.000551
 521000 0.000501
 541000 0.000631
 561000 0.000381
 581000 0.000551
 601000 0.000441
 621000 0.000562
 641000 0.000400
 661000 0.000651
 681000 0.000381
 701000 0.000802
 721000 0.000381
 741000 0.000611
 761000 0.001042
 781000 0.001052
 801000 0.000801
 821000 0.000701
 841000 0.000561
 861000 0.000881
 881000 0.000601
 901000 0.000751
 921000 0.000711
 941000 0.000792
 961000 0.000541
 981000 0.000501
1001000 0.000541
1021000 0.000701
1041000 0.000421
1061000 0.000551
1081000 0.000410
1101000 0.000390
1121000 0.000642
1141000 0.000751
1161000 0.001102
1181000 0.000631
1201000 0.000511
1221000 0.000561
1241000 0.000541
1261000 0.000731
1281000 0.000441
1301000 0.000511
1321000 0.000451
1341000 0.000731
1361000 0.000521
1381000 0.000461
1401000 0.000772
1421000 0.000371
1441000 0.000511
1461000 0.000411
1481000 0.000401
1501000 0.000471
1521000 0.000631
1541000 0.000431
1561000 0.000381
1581000 0.000661
1601000 0.000611
1621000 0.000411
1641000 0.000431
1661000 0.000721
1681000 0.000471
1701000 0.000561
1721000 0.000611
1741000 0.000731
1761000 0.000531
1781000 0.000551
1801000 0.000421
1821000 0.000561
1841000 0.000551
1861000 0.000430
1881000 0.000350
1901000 0.000531
1921000 0.000481
1941000 0.000631
1961000 0.000722
1981000 0.000731
2001000 0.000561
2021000 0.000962
2041000 0.000531
2061000 0.001232
2081000 0.001042
2101000 0.000461
2121000 0.000441
2141000 0.000611
2161000 0.000942
2181000 0.000501
2201000 0.000400
2221000 0.000471
2241000 0.000681
2261000 0.000742
2281000 0.000481
2301000 0.000601
2321000 0.000592
2341000 0.000491
2361000 0.000671
2381000 0.000541
2401000 0.000651
2421000 0.000391
2441000 0.000511
2461000 0.000421
2481000 0.000410
2501000 0.001002
2521000 0.000330
2541000 0.000691
2561000 0.000371
2581000 0.000541
2601000 0.000421
2621000 0.000501
2641000 0.000351
2661000 0.000371
2681000 0.000461
2701000 0.000471
2721000 0.000531
2741000 0.000411
2761000 0.000370
2781000 0.000420
2801000 0.000591
2821000 0.000471
2841000 0.000491
2861000 0.000531
2881000 0.000460
2901000 0.000481
2921000 0.000391
2941000 0.000491
2961000 0.000371
2981000 0.000571
3001000 0.000341
3021000 0.000471
3041000 0.000401
3061000 0.000491
3081000 0.000531
3101000 0.000571
3121000 0.000351
3141000 0.000451
3161000 0.000411
3181000 0.000361
3201000 0.000441
3221000 0.000381
3241000 0.000391
3261000 0.000461
3281000 0.000501
3301000 0.000441
3321000 0.000431
3341000 0.000612
3361000 0.000391
3381000 0.000431
3401000 0.000481
3421000 0.000491
3441000 0.000491
3461000 0.000411
3481000 0.000471
3501000 0.000511
3521000 0.000380
3541000 0.000541
3561000 0.000421
3581000 0.000441
3601000 0.000561
3621000 0.000531
3641000 0.000411
3661000 0.000351
3681000 0.000401
3701000 0.000401
3721000 0.000331
3741000 0.000371
3761000 0.000431
3781000 0.000691
3801000 0.000310
3821000 0.000662
3841000 0.000451
3861000 0.000451
3881000 0.000671
3901000 0.000371
3921000 0.000431
3941000 0.000421
3961000 0.000431
3981000 0.000451
4001000 0.000401
4021000 0.000541
4041000 0.000410
4061000 0.000511
4081000 0.000341
4101000 0.000411
4121000 0.000330
4141000 0.000430
4161000 0.000481
4181000 0.000551
4201000 0.000411
4221000 0.000391
4241000 0.000401
4261000 0.000441
4281000 0.000521
4301000 0.000401
4321000 0.000441
4341000 0.000441
4361000 0.000431
4381000 0.000420
4401000 0.000400
4421000 0.000430
4441000 0.000751
4461000 0.000602
4481000 0.000421
4501000 0.000441
4521000 0.000501
4541000 0.000441
4561000 0.000411
4581000 0.000431
4601000 0.000421
4621000 0.000431
4641000 0.000411
4661000 0.000381
4681000 0.000391
4701000 0.000431
4721000 0.000551
4741000 0.000490
4761000 0.000390
4781000 0.000370
4801000 0.000290
4821000 0.000381
4841000 0.000411
4861000 0.000451
4881000 0.000371
4901000 0.000702
4921000 0.000300
4941000 0.000511
4961000 0.000390
4981000 0.000501
5001000 0.009348
5021000 0.001122
5041000 0.001082
5061000 0.000921
5081000 0.002074
5101000 0.001162
5121000 0.000692
5141000 0.000831
5161000 0.001062
5181000 0.000972
5201000 0.000972
5221000 0.000822
5241000 0.000871
5261000 0.001613
5281000 0.000771
5301000 0.001292
5321000 0.000812
5341000 0.002114
5361000 0.001042
5381000 0.003948
5401000 0.001583
5421000 0.001403
5441000 0.000782
5461000 0.001052
5481000 0.000772
5501000 0.000671
5521000 0.002946
5541000 0.000831
5561000 0.000952
5581000 0.001082
5601000 0.000862
5621000 0.000892
5641000 0.000752
5661000 0.001102
5681000 0.001092
5701000 0.000761
5721000 0.000952
5741000 0.001573
5761000 0.000771
5781000 0.000701
5801000 0.000802
5821000 0.000651
5841000 0.001123
5861000 0.000701
5881000 0.000832
5901000 0.012143
5921000 0.001202
5941000 0.000912
5961000 0.001052
5981000 0.001012
6001000 0.001163
6021000 0.001322
6041000 0.001252
6061000 0.000912
6081000 0.001102
6101000 0.000961
6121000 0.001122
6141000 0.000862
6161000 0.001122
6181000 0.000922
6201000 0.001233
6221000 0.001072
6241000 0.000661
6261000 0.000862
6281000 0.000872
6301000 0.000972
6321000 0.000782
6341000 0.000861
6361000 0.000951
6381000 0.000621
6401000 0.000792
6421000 0.000691
6441000 0.002676
6461000 0.000962
6481000 0.000581
6501000 0.000712
6521000 0.000831
6541000 0.000691
6561000 0.000752
6581000 0.000661
6601000 0.000822
6621000 0.000852
6641000 0.001052
6661000 0.000962
6681000 0.000922
6701000 0.000972
6721000 0.001082
6741000 0.001173
6761000 0.000641
6781000 0.001764
6801000 0.001012
6821000 0.001222
6841000 0.001373
6861000 0.000942
6881000 0.000902
6901000 0.001784
6921000 0.001132
6941000 0.001212
6961000 0.003416
6981000 0.000872
7001000 0.001012
7021000 0.000712
7041000 0.000912
7061000 0.000922
7081000 0.000832
7101000 0.000761
7121000 0.000802
7141000 0.000952
7161000 0.000802
7181000 0.001483
7201000 0.000811
7221000 0.000841
7241000 0.000662
7261000 0.000852
7281000 0.000851
7301000 0.000821
7321000 0.000791
7341000 0.000791
7361000 0.000832
7381000 0.001092
7401000 0.000841
7421000 0.000792
7441000 0.000902
7461000 0.000852
7481000 0.003106
7501000 0.001152
7521000 0.000992
7541000 0.000981
7561000 0.001032
7581000 0.001072
7601000 0.000822
7621000 0.000962
7641000 0.000671
7661000 0.001102
7681000 0.001202
7701000 0.000752
7721000 0.001202
7741000 0.000941
7761000 0.000921
7781000 0.001192
7801000 0.000621
7821000 0.000951
7841000 0.001162
7861000 0.001172
7881000 0.000621
7901000 0.001102
7921000 0.001073
7941000 0.001042
7961000 0.001012
7981000 0.000661
8001000 0.004017
8021000 0.001102
8041000 0.001052
8061000 0.001934
8081000 0.001213
8101000 0.000982
8121000 0.001132
8141000 0.001313
8161000 0.001132
8181000 0.001262
8201000 0.000952
8221000 0.001293
8241000 0.000922
8261000 0.001383
8281000 0.000752
8301000 0.000942
8321000 0.000952
8341000 0.000882
8361000 0.001162
8381000 0.000862
8401000 0.000761
8421000 0.001162
8441000 0.000931
8461000 0.000631
8481000 0.000822
8501000 0.000792
8521000 0.003146
8541000 0.000922
8561000 0.000842
8581000 0.001022
8601000 0.000732
8621000 0.001062
8641000 0.000822
8661000 0.000942
8681000 0.000721
8701000 0.000611
8721000 0.001052
8741000 0.001012
8761000 0.000982
8781000 0.001212
8801000 0.000992
8821000 0.000781
8841000 0.001002
8861000 0.001082
8881000 0.000901
8901000 0.000791
8921000 0.001022
8941000 0.001132
8961000 0.001102
8981000 0.001022
9001000 0.001022
9021000 0.000961
9041000 0.000861
9061000 0.002775
9081000 0.000722
9101000 0.000992
9121000 0.000801
9141000 0.000691
9161000 0.000992
9181000 0.000572
9201000 0.000761
9221000 0.000592
9241000 0.001442
9261000 0.000911
9281000 0.001142
9301000 0.001012
9321000 0.001082
9341000 0.000702
9361000 0.001202
9381000 0.000942
9401000 0.001133
9421000 0.001042
9441000 0.000751
9461000 0.000841
9481000 0.000922
9501000 0.001062
9521000 0.000771
9541000 0.000871
9561000 0.000802
9581000 0.004148
9601000 0.004298
9621000 0.004679
9641000 0.005070
9661000 0.004299
9681000 0.004078
9701000 0.004378
9721000 0.004740
9741000 0.004909
9761000 0.004097
9781000 0.004909
9801000 0.004679
9821000 0.004369
9841000 0.004198
9861000 0.004178
9881000 0.003507
9901000 0.003878
9921000 0.003847
9941000 0.005240
9961000 0.003717
9981000 0.004890
