   1000 0.000370
  21000 0.000721
  41000 0.000431
  61000 0.000601
  81000 0.000601
 101000 0.000932
 121000 0.000331
 141000 0.000691
 161000 0.000521
 181000 0.000561
 201000 0.000441
 221000 0.000581
 241000 0.000501
 261000 0.000631
 281000 0.000621
 301000 0.000621
 321000 0.000481
 341000 0.000461
 361000 0.000611
 381000 0.000661
 401000 0.000541
 421000 0.000661
 441000 0.000622
 461000 0.000681
 481000 0.000491
 501000 0.000661
 521000 0.000511
 541000 0.000762
 561000 0.000521
 581000 0.000701
 601000 0.000501
 621000 0.000781
 641000 0.000460
 661000 0.000611
 681000 0.000501
 701000 0.000691
 721000 0.000300
 741000 0.000582
 761000 0.000601
 781000 0.000621
 801000 0.000490
 821000 0.000611
 841000 0.000491
 861000 0.000661
 881000 0.000421
 901000 0.000681
 921000 0.000681
 941000 0.000561
 961000 0.000601
 981000 0.000601
1001000 0.000380
1021000 0.000481
1041000 0.000411
1061000 0.000601
1081000 0.000441
1101000 0.000491
1121000 0.000461
1141000 0.000511
1161000 0.000360
1181000 0.000641
1201000 0.000471
1221000 0.000451
1241000 0.000581
1261000 0.000642
1281000 0.000421
1301000 0.000591
1321000 0.000491
1341000 0.000511
1361000 0.000411
1381000 0.000662
1401000 0.000551
1421000 0.000842
1441000 0.000631
1461000 0.000501
1481000 0.000400
1501000 0.000511
1521000 0.000421
1541000 0.000591
1561000 0.000371
1581000 0.000621
1601000 0.000450
1621000 0.000581
1641000 0.000481
1661000 0.000691
1681000 0.000360
1701000 0.000652
1721000 0.000531
1741000 0.000561
1761000 0.000501
1781000 0.000581
1801000 0.000541
1821000 0.000541
1841000 0.000421
1861000 0.000612
1881000 0.000400
1901000 0.000701
1921000 0.000361
1941000 0.000581
1961000 0.000401
1981000 0.000531
2001000 0.000521
2021000 0.000521
2041000 0.000451
2061000 0.000521
2081000 0.000381
2101000 0.000481
2121000 0.000451
2141000 0.000511
2161000 0.000521
2181000 0.000481
2201000 0.000391
2221000 0.000501
2241000 0.000401
2261000 0.000371
2281000 0.000391
2301000 0.000551
2321000 0.000451
2341000 0.000541
2361000 0.000381
2381000 0.000471
2401000 0.000471
2421000 0.000501
2441000 0.000821
2461000 0.000491
2481000 0.000400
2501000 0.000641
2521000 0.000361
2541000 0.000531
2561000 0.000411
2581000 0.000450
2601000 0.000451
2621000 0.000471
2641000 0.000431
2661000 0.000541
2681000 0.000491
2701000 0.000712
2721000 0.000451
2741000 0.000561
2761000 0.000391
2781000 0.000481
2801000 0.000561
2821000 0.000631
2841000 0.000401
2861000 0.000431
2881000 0.000421
2901000 0.000561
2921000 0.000451
2941000 0.000602
2961000 0.000371
2981000 0.000531
3001000 0.000581
3021000 0.000521
3041000 0.000371
3061000 0.000471
3081000 0.000290
3101000 0.000621
3121000 0.000451
3141000 0.000481
3161000 0.000401
3181000 0.000601
3201000 0.000411
3221000 0.000601
3241000 0.000430
3261000 0.000531
3281000 0.000421
3301000 0.000551
3321000 0.000351
3341000 0.000551
3361000 0.000401
3381000 0.000571
3401000 0.000351
3421000 0.000611
3441000 0.000370
3461000 0.000561
3481000 0.000481
3501000 0.000471
3521000 0.000371
3541000 0.000822
3561000 0.000360
3581000 0.000551
3601000 0.000351
3621000 0.000711
3641000 0.000351
3661000 0.000611
3681000 0.000400
3701000 0.000491
3721000 0.000330
3741000 0.000541
3761000 0.000350
3781000 0.000581
3801000 0.000531
3821000 0.000561
3841000 0.000411
3861000 0.000461
3881000 0.000430
3901000 0.000470
3921000 0.000340
3941000 0.000541
3961000 0.000350
3981000 0.000491
4001000 0.000360
4021000 0.000441
4041000 0.000421
4061000 0.000441
4081000 0.000501
4101000 0.000581
4121000 0.000371
4141000 0.000421
4161000 0.000481
4181000 0.000481
4201000 0.000401
4221000 0.000431
4241000 0.000401
4261000 0.000551
4281000 0.000320
4301000 0.000491
4321000 0.000460
4341000 0.000481
4361000 0.000521
4381000 0.000491
4401000 0.000311
4421000 0.000511
4441000 0.000381
4461000 0.000421
4481000 0.000371
4501000 0.000501
4521000 0.000481
4541000 0.000501
4561000 0.000381
4581000 0.000481
4601000 0.000381
4621000 0.000521
4641000 0.000551
4661000 0.000511
4681000 0.000361
4701000 0.000551
4721000 0.000421
4741000 0.000732
4761000 0.000380
4781000 0.000531
4801000 0.000411
4821000 0.000421
4841000 0.000371
4861000 0.000441
4881000 0.000501
4901000 0.000451
4921000 0.000541
4941000 0.000461
4961000 0.000351
4981000 0.000601
5001000 0.009358
5021000 0.000871
5041000 0.000711
5061000 0.000591
5081000 0.000782
5101000 0.000872
5121000 0.000561
5141000 0.001002
5161000 0.002214
5181000 0.000872
5201000 0.002986
5221000 0.000531
5241000 0.000581
5261000 0.000501
5281000 0.000471
5301000 0.000701
5321000 0.000671
5341000 0.000872
5361000 0.000561
5381000 0.000601
5401000 0.000531
5421000 0.000581
5441000 0.000591
5461000 0.000631
5481000 0.000581
5501000 0.000662
5521000 0.000551
5541000 0.000822
5561000 0.000561
5581000 0.000541
5601000 0.000592
5621000 0.000561
5641000 0.000511
5661000 0.000591
5681000 0.000711
5701000 0.000571
5721000 0.002926
5741000 0.000812
5761000 0.000541
5781000 0.000541
5801000 0.000602
5821000 0.000491
5841000 0.000761
5861000 0.000551
5881000 0.000681
5901000 0.000541
5921000 0.001022
5941000 0.000661
5961000 0.000581
5981000 0.000521
6001000 0.000551
6021000 0.000631
6041000 0.000622
6061000 0.000761
6081000 0.000871
6101000 0.001042
6121000 0.000691
6141000 0.000732
6161000 0.000681
6181000 0.000712
6201000 0.001883
6221000 0.000541
6241000 0.000681
6261000 0.003056
6281000 0.000742
6301000 0.000711
6321000 0.000661
6341000 0.000621
6361000 0.000842
6381000 0.000621
6401000 0.000681
6421000 0.000792
6441000 0.001363
6461000 0.001022
6481000 0.000771
6501000 0.001352
6521000 0.001143
6541000 0.000551
6561000 0.001102
6581000 0.000722
6601000 0.001212
6621000 0.000582
6641000 0.000591
6661000 0.000661
6681000 0.000711
6701000 0.000621
6721000 0.001032
6741000 0.000591
6761000 0.000541
6781000 0.002515
6801000 0.000541
6821000 0.000672
6841000 0.000531
6861000 0.000551
6881000 0.001022
6901000 0.000691
6921000 0.000651
6941000 0.000571
6961000 0.000581
6981000 0.000551
7001000 0.000531
7021000 0.000531
7041000 0.000591
7061000 0.000561
7081000 0.000602
7101000 0.000791
7121000 0.000661
7141000 0.000631
7161000 0.000702
7181000 0.000581
7201000 0.000702
7221000 0.000471
7241000 0.000651
7261000 0.000672
7281000 0.000631
7301000 0.003106
7321000 0.000531
7341000 0.000781
7361000 0.000682
7381000 0.000591
7401000 0.000571
7421000 0.000652
7441000 0.000591
7461000 0.000611
7481000 0.000851
7501000 0.000722
7521000 0.000581
7541000 0.000672
7561000 0.000501
7581000 0.000591
7601000 0.000631
7621000 0.000621
7641000 0.000782
7661000 0.000831
7681000 0.000561
7701000 0.000541
7721000 0.000731
7741000 0.000481
7761000 0.000611
7781000 0.000551
7801000 0.000581
7821000 0.003166
7841000 0.000781
7861000 0.000701
7881000 0.000782
7901000 0.000741
7921000 0.000741
7941000 0.000842
7961000 0.000802
7981000 0.000661
8001000 0.000932
8021000 0.000822
8041000 0.000711
8061000 0.000601
8081000 0.000822
8101000 0.000621
8121000 0.000621
8141000 0.000531
8161000 0.000701
8181000 0.001012
8201000 0.000652
8221000 0.000661
8241000 0.000752
8261000 0.000601
8281000 0.000562
8301000 0.000771
8321000 0.000551
8341000 0.003096
8361000 0.000691
8381000 0.000812
8401000 0.000591
8421000 0.000692
8441000 0.000761
8461000 0.000581
8481000 0.000701
8501000 0.000601
8521000 0.000882
8541000 0.000491
8561000 0.000862
8581000 0.000611
8601000 0.000651
8621000 0.000661
8641000 0.000571
8661000 0.000632
8681000 0.000601
8701000 0.000581
8721000 0.000871
8741000 0.000642
8761000 0.000781
8781000 0.000601
8801000 0.000601
8821000 0.000752
8841000 0.000812
8861000 0.000581
8881000 0.003447
8901000 0.000581
8921000 0.000631
8941000 0.000651
8961000 0.000721
8981000 0.000621
9001000 0.000752
9021000 0.000591
9041000 0.001032
9061000 0.000571
9081000 0.000581
9101000 0.000611
9121000 0.000581
9141000 0.000731
9161000 0.000692
9181000 0.000661
9201000 0.000601
9221000 0.000611
9241000 0.000832
9261000 0.000621
9281000 0.000581
9301000 0.000701
9321000 0.000601
9341000 0.000612
9361000 0.000761
9381000 0.000851
9401000 0.003738
9421000 0.000691
9441000 0.000762
9461000 0.000631
9481000 0.000652
9501000 0.000892
9521000 0.000681
9541000 0.000612
9561000 0.000922
9581000 0.000721
9601000 0.000581
9621000 0.000801
9641000 0.000692
9661000 0.000771
9681000 0.000631
9701000 0.000701
9721000 0.000801
9741000 0.000662
9761000 0.000521
9781000 0.000711
9801000 0.000641
9821000 0.000701
9841000 0.000641
9861000 0.000681
9881000 0.000671
9901000 0.000631
9921000 0.003928
9941000 0.004719
9961000 0.003687
9981000 0.004869
