   1000 0.000380
  21000 0.000611
  41000 0.000461
  61000 0.000571
  81000 0.000471
 101000 0.000741
 121000 0.000461
 141000 0.000601
 161000 0.000451
 181000 0.000571
 201000 0.000360
 221000 0.000561
 241000 0.000391
 261000 0.000581
 281000 0.000531
 301000 0.000692
 321000 0.000641
 341000 0.000461
 361000 0.000992
 381000 0.000501
 401000 0.000501
 421000 0.000711
 441000 0.000380
 461000 0.000571
 481000 0.000380
 501000 0.000611
 521000 0.000451
 541000 0.000541
 561000 0.000501
 581000 0.000642
 601000 0.000641
 621000 0.000611
 641000 0.000370
 661000 0.000451
 681000 0.000441
 701000 0.000601
 721000 0.000401
 741000 0.000571
 761000 0.000410
 781000 0.000451
 801000 0.000380
 821000 0.000511
 841000 0.000621
 861000 0.000491
 881000 0.000381
 901000 0.000501
 921000 0.000431
 941000 0.000491
 961000 0.000431
 981000 0.000511
1001000 0.000291
1021000 0.000641
1041000 0.000410
1061000 0.000551
1081000 0.000451
1101000 0.000962
1121000 0.000421
1141000 0.000681
1161000 0.000471
1181000 0.000531
1201000 0.000391
1221000 0.000541
1241000 0.000320
1261000 0.000471
1281000 0.000381
1301000 0.000951
1321000 0.000410
1341000 0.000551
1361000 0.000391
1381000 0.000611
1401000 0.000331
1421000 0.000521
1441000 0.000561
1461000 0.000521
1481000 0.000471
1501000 0.000612
1521000 0.000411
1541000 0.000781
1561000 0.000451
1581000 0.000481
1601000 0.000410
1621000 0.000521
1641000 0.000420
1661000 0.000511
1681000 0.000300
1701000 0.000420
1721000 0.000380
1741000 0.000511
1761000 0.000450
1781000 0.000461
1801000 0.000431
1821000 0.000551
1841000 0.000290
1861000 0.000491
1881000 0.000350
1901000 0.000661
1921000 0.000351
1941000 0.000441
1961000 0.000511
1981000 0.000491
2001000 0.000451
2021000 0.000491
2041000 0.000461
2061000 0.000662
2081000 0.000360
2101000 0.000721
2121000 0.000331
2141000 0.000531
2161000 0.000581
2181000 0.000582
2201000 0.000581
2221000 0.000511
2241000 0.000341
2261000 0.000651
2281000 0.000351
2301000 0.000601
2321000 0.000401
2341000 0.000582
2361000 0.000421
2381000 0.000481
2401000 0.000421
2421000 0.000421
2441000 0.000471
2461000 0.000451
2481000 0.000451
2501000 0.000461
2521000 0.000321
2541000 0.000711
2561000 0.000421
2581000 0.000801
2601000 0.000330
2621000 0.000411
2641000 0.000411
2661000 0.000521
2681000 0.000451
2701000 0.000521
2721000 0.000481
2741000 0.000451
2761000 0.000340
2781000 0.000621
2801000 0.000501
2821000 0.000471
2841000 0.000501
2861000 0.000561
2881000 0.000331
2901000 0.000471
2921000 0.000391
2941000 0.000541
2961000 0.000301
2981000 0.000621
3001000 0.000420
3021000 0.000460
3041000 0.000350
3061000 0.000421
3081000 0.000351
3101000 0.000391
3121000 0.000451
3141000 0.000581
3161000 0.000380
3181000 0.000582
3201000 0.000431
3221000 0.000471
3241000 0.000300
3261000 0.000511
3281000 0.000461
3301000 0.000471
3321000 0.000310
3341000 0.000490
3361000 0.000471
3381000 0.000521
3401000 0.000381
3421000 0.000591
3441000 0.000301
3461000 0.000511
3481000 0.000371
3501000 0.000561
3521000 0.000401
3541000 0.000461
3561000 0.000331
3581000 0.000531
3601000 0.000311
3621000 0.000531
3641000 0.000431
3661000 0.000411
3681000 0.000381
3701000 0.000421
3721000 0.000351
3741000 0.000411
3761000 0.000390
3781000 0.000531
3801000 0.000310
3821000 0.000420
3841000 0.000290
3861000 0.000331
3881000 0.000661
3901000 0.000410
3921000 0.000300
3941000 0.000431
3961000 0.000341
3981000 0.000601
4001000 0.000421
4021000 0.000612
4041000 0.000400
4061000 0.000481
4081000 0.000411
4101000 0.000441
4121000 0.000300
4141000 0.000451
4161000 0.000421
4181000 0.000692
4201000 0.000451
4221000 0.000451
4241000 0.000421
4261000 0.000521
4281000 0.000331
4301000 0.000441
4321000 0.000351
4341000 0.000431
4361000 0.000371
4381000 0.000501
4401000 0.000421
4421000 0.000591
4441000 0.000401
4461000 0.000521
4481000 0.000331
4501000 0.000471
4521000 0.000431
4541000 0.000431
4561000 0.000451
4581000 0.000431
4601000 0.000311
4621000 0.000461
4641000 0.000331
4661000 0.000451
4681000 0.000330
4701000 0.000450
4721000 0.000400
4741000 0.000490
4761000 0.000340
4781000 0.000752
4801000 0.000311
4821000 0.000561
4841000 0.000341
4861000 0.000481
4881000 0.000401
4901000 0.000401
4921000 0.000461
4941000 0.000431
4961000 0.000351
4981000 0.000551
5001000 0.008817
5021000 0.000922
5041000 0.001222
5061000 0.000761
5081000 0.000882
5101000 0.000772
5121000 0.000561
5141000 0.001583
5161000 0.000721
5181000 0.000782
5201000 0.000651
5221000 0.000641
5241000 0.001012
5261000 0.000621
5281000 0.000591
5301000 0.000581
5321000 0.000601
5341000 0.000822
5361000 0.000581
5381000 0.000651
5401000 0.000651
5421000 0.000631
5441000 0.000882
5461000 0.006894
5481000 0.000561
5501000 0.000762
5521000 0.000601
5541000 0.000912
5561000 0.000601
5581000 0.000782
5601000 0.000611
5621000 0.000642
5641000 0.000591
5661000 0.002034
5681000 0.000591
5701000 0.000672
5721000 0.000621
5741000 0.000692
5761000 0.000761
5781000 0.000672
5801000 0.000691
5821000 0.000601
5841000 0.000561
5861000 0.000962
5881000 0.000671
5901000 0.000541
5921000 0.000571
5941000 0.000841
5961000 0.000561
5981000 0.003176
6001000 0.000862
6021000 0.000761
6041000 0.000631
6061000 0.000571
6081000 0.000762
6101000 0.000771
6121000 0.000641
6141000 0.000551
6161000 0.000591
6181000 0.000621
6201000 0.000882
6221000 0.000811
6241000 0.000741
6261000 0.000551
6281000 0.000612
6301000 0.000521
6321000 0.000631
6341000 0.000541
6361000 0.000712
6381000 0.000731
6401000 0.000991
6421000 0.000741
6441000 0.000682
6461000 0.000561
6481000 0.000541
6501000 0.003186
6521000 0.000602
6541000 0.000831
6561000 0.000652
6581000 0.000501
6601000 0.000561
6621000 0.000521
6641000 0.000582
6661000 0.000581
6681000 0.000571
6701000 0.000672
6721000 0.000621
6741000 0.000671
6761000 0.000911
6781000 0.000641
6801000 0.000581
6821000 0.000531
6841000 0.000612
6861000 0.000661
6881000 0.000621
6901000 0.000691
6921000 0.000742
6941000 0.000681
6961000 0.000812
6981000 0.000591
7001000 0.000592
7021000 0.002895
7041000 0.000582
7061000 0.000751
7081000 0.000692
7101000 0.000952
7121000 0.000571
7141000 0.000591
7161000 0.000581
7181000 0.000591
7201000 0.000551
7221000 0.000551
7241000 0.000491
7261000 0.000661
7281000 0.000561
7301000 0.000611
7321000 0.000591
7341000 0.000511
7361000 0.000721
7381000 0.000831
7401000 0.000611
7421000 0.000571
7441000 0.000631
7461000 0.000611
7481000 0.000591
7501000 0.000661
7521000 0.000602
7541000 0.002284
7561000 0.000611
7581000 0.000621
7601000 0.000581
7621000 0.000642
7641000 0.000601
7661000 0.000561
7681000 0.000651
7701000 0.000681
7721000 0.000882
7741000 0.000491
7761000 0.000681
7781000 0.000511
7801000 0.000501
7821000 0.000531
7841000 0.000611
7861000 0.000642
7881000 0.000821
7901000 0.000611
7921000 0.000581
7941000 0.001182
7961000 0.000801
7981000 0.000692
8001000 0.000821
8021000 0.000691
8041000 0.000541
8061000 0.000531
8081000 0.002405
8101000 0.000792
8121000 0.000671
8141000 0.000561
8161000 0.000701
8181000 0.000561
8201000 0.000622
8221000 0.000751
8241000 0.000642
8261000 0.000761
8281000 0.000982
8301000 0.000632
8321000 0.000581
8341000 0.000681
8361000 0.000631
8381000 0.000771
8401000 0.000931
8421000 0.000621
8441000 0.000831
8461000 0.000641
8481000 0.000852
8501000 0.000551
8521000 0.000641
8541000 0.000531
8561000 0.000671
8581000 0.000611
8601000 0.002485
8621000 0.000592
8641000 0.000861
8661000 0.000591
8681000 0.000561
8701000 0.000551
8721000 0.000581
8741000 0.000621
8761000 0.000611
8781000 0.000621
8801000 0.000531
8821000 0.000922
8841000 0.000591
8861000 0.000571
8881000 0.001163
8901000 0.000641
8921000 0.000692
8941000 0.000651
8961000 0.000541
8981000 0.000612
9001000 0.000771
9021000 0.000722
9041000 0.000631
9061000 0.000992
9081000 0.000571
9101000 0.000491
9121000 0.002835
9141000 0.000561
9161000 0.000621
9181000 0.000691
9201000 0.000902
9221000 0.000601
9241000 0.000631
9261000 0.000601
9281000 0.000652
9301000 0.000611
9321000 0.000551
9341000 0.000561
9361000 0.000601
9381000 0.000671
9401000 0.000722
9421000 0.000771
9441000 0.000581
9461000 0.000711
9481000 0.000641
9501000 0.000751
9521000 0.000561
9541000 0.000591
9561000 0.000521
9581000 0.000561
9601000 0.000651
9621000 0.001072
9641000 0.003898
9661000 0.003877
9681000 0.004428
9701000 0.003928
9721000 0.004168
9741000 0.003667
9761000 0.003497
9781000 0.003837
9801000 0.003747
9821000 0.004358
9841000 0.003738
9861000 0.004078
9881000 0.003657
9901000 0.004008
9921000 0.003557
9941000 0.004498
9961000 0.003667
9981000 0.004398
