   1000 0.000762
  21000 0.000622
  41000 0.000521
  61000 0.000601
  81000 0.000601
 101000 0.000691
 121000 0.000551
 141000 0.000712
 161000 0.000521
 181000 0.000611
 201000 0.000411
 221000 0.000701
 241000 0.000451
 261000 0.000682
 281000 0.000852
 301000 0.000741
 321000 0.000551
 341000 0.000541
 361000 0.000471
 381000 0.000581
 401000 0.000461
 421000 0.000501
 441000 0.000541
 461000 0.000622
 481000 0.000491
 501000 0.000591
 521000 0.000361
 541000 0.000591
 561000 0.000461
 581000 0.000521
 601000 0.000451
 621000 0.000491
 641000 0.000641
 661000 0.000451
 681000 0.000411
 701000 0.000641
 721000 0.000341
 741000 0.000471
 761000 0.000341
 781000 0.000441
 801000 0.000361
 821000 0.000631
 841000 0.000381
 861000 0.000752
 881000 0.000401
 901000 0.000521
 921000 0.000361
 941000 0.000471
 961000 0.000391
 981000 0.000581
1001000 0.000331
1021000 0.000411
1041000 0.000371
1061000 0.000451
1081000 0.000411
1101000 0.000741
1121000 0.000410
1141000 0.000360
1161000 0.000341
1181000 0.000511
1201000 0.000451
1221000 0.000500
1241000 0.000421
1261000 0.000681
1281000 0.000852
1301000 0.000450
1321000 0.000531
1341000 0.000641
1361000 0.000401
1381000 0.000551
1401000 0.000651
1421000 0.000541
1441000 0.000421
1461000 0.000872
1481000 0.000341
1501000 0.000441
1521000 0.000401
1541000 0.000341
1561000 0.000350
1581000 0.000460
1601000 0.000350
1621000 0.000420
1641000 0.000350
1661000 0.000602
1681000 0.000350
1701000 0.000701
1721000 0.000461
1741000 0.000411
1761000 0.000641
1781000 0.000350
1801000 0.000381
1821000 0.000471
1841000 0.000401
1861000 0.000541
1881000 0.000340
1901000 0.000471
1921000 0.000391
1941000 0.000471
1961000 0.000371
1981000 0.000491
2001000 0.000562
2021000 0.000360
2041000 0.000440
2061000 0.000481
2081000 0.000391
2101000 0.000400
2121000 0.000390
2141000 0.000621
2161000 0.000361
2181000 0.000731
2201000 0.000481
2221000 0.000460
2241000 0.000501
2261000 0.000721
2281000 0.000341
2301000 0.000531
2321000 0.000461
2341000 0.000662
2361000 0.000451
2381000 0.000461
2401000 0.000621
2421000 0.000581
2441000 0.000360
2461000 0.000360
2481000 0.000391
2501000 0.000481
2521000 0.000471
2541000 0.000781
2561000 0.000421
2581000 0.000641
2601000 0.000341
2621000 0.000391
2641000 0.000401
2661000 0.000381
2681000 0.000441
2701000 0.000391
2721000 0.000391
2741000 0.000691
2761000 0.000411
2781000 0.000431
2801000 0.000361
2821000 0.000431
2841000 0.000381
2861000 0.000681
2881000 0.000450
2901000 0.000761
2921000 0.000361
2941000 0.000521
2961000 0.000461
2981000 0.000481
3001000 0.000360
3021000 0.000441
3041000 0.000401
3061000 0.000491
3081000 0.000441
3101000 0.000381
3121000 0.000381
3141000 0.000341
3161000 0.000822
3181000 0.000371
3201000 0.000421
3221000 0.000481
3241000 0.000481
3261000 0.000401
3281000 0.000391
3301000 0.000451
3321000 0.000401
3341000 0.000481
3361000 0.000391
3381000 0.000471
3401000 0.000381
3421000 0.000461
3441000 0.000421
3461000 0.000461
3481000 0.000571
3501000 0.000471
3521000 0.000411
3541000 0.000712
3561000 0.000270
3581000 0.000491
3601000 0.000360
3621000 0.000601
3641000 0.000351
3661000 0.000531
3681000 0.000361
3701000 0.000401
3721000 0.000350
3741000 0.000591
3761000 0.000351
3781000 0.000411
3801000 0.000421
3821000 0.000451
3841000 0.000340
3861000 0.000430
3881000 0.000370
3901000 0.000410
3921000 0.000341
3941000 0.000411
3961000 0.000291
3981000 0.000391
4001000 0.000351
4021000 0.000371
4041000 0.000330
4061000 0.000380
4081000 0.000321
4101000 0.000391
4121000 0.000281
4141000 0.000421
4161000 0.000381
4181000 0.000641
4201000 0.000391
4221000 0.000491
4241000 0.000331
4261000 0.000381
4281000 0.000411
4301000 0.000471
4321000 0.000351
4341000 0.000381
4361000 0.000741
4381000 0.000501
4401000 0.000340
4421000 0.000682
4441000 0.000441
4461000 0.000431
4481000 0.000311
4501000 0.000421
4521000 0.000370
4541000 0.000390
4561000 0.000340
4581000 0.000431
4601000 0.000421
4621000 0.000782
4641000 0.000291
4661000 0.000381
4681000 0.000431
4701000 0.000671
4721000 0.000351
4741000 0.000491
4761000 0.000371
4781000 0.000421
4801000 0.000291
4821000 0.000371
4841000 0.000310
4861000 0.000552
4881000 0.000471
4901000 0.000451
4921000 0.000641
4941000 0.000571
4961000 0.000371
4981000 0.000481
5001000 0.015270
5021000 0.001683
5041000 0.002645
5061000 0.001001
5081000 0.001022
5101000 0.001132
5121000 0.000822
5141000 0.001062
5161000 0.001162
5181000 0.000902
5201000 0.001313
5221000 0.001152
5241000 0.000691
5261000 0.001402
5281000 0.000992
5301000 0.000861
5321000 0.000632
5341000 0.001312
5361000 0.001022
5381000 0.001142
5401000 0.001052
5421000 0.000812
5441000 0.000842
5461000 0.000761
5481000 0.000812
5501000 0.001182
5521000 0.001232
5541000 0.001273
5561000 0.002094
5581000 0.004118
5601000 0.000852
5621000 0.001002
5641000 0.001012
5661000 0.001252
5681000 0.001362
5701000 0.001443
5721000 0.000792
5741000 0.000822
5761000 0.001142
5781000 0.000722
5801000 0.000992
5821000 0.000591
5841000 0.000952
5861000 0.000641
5881000 0.001753
5901000 0.000902
5921000 0.000651
5941000 0.001062
5961000 0.000721
5981000 0.000631
6001000 0.000651
6021000 0.000701
6041000 0.000751
6061000 0.001233
6081000 0.000681
6101000 0.002946
6121000 0.000621
6141000 0.000852
6161000 0.000912
6181000 0.000822
6201000 0.000811
6221000 0.000781
6241000 0.000882
6261000 0.000611
6281000 0.001082
6301000 0.000781
6321000 0.000881
6341000 0.000732
6361000 0.000631
6381000 0.000632
6401000 0.000771
6421000 0.001102
6441000 0.000791
6461000 0.000661
6481000 0.000631
6501000 0.000591
6521000 0.000581
6541000 0.000561
6561000 0.000591
6581000 0.000671
6601000 0.000661
6621000 0.002946
6641000 0.000551
6661000 0.000682
6681000 0.000581
6701000 0.000692
6721000 0.000551
6741000 0.000581
6761000 0.000551
6781000 0.001001
6801000 0.000581
6821000 0.000541
6841000 0.000591
6861000 0.000552
6881000 0.000641
6901000 0.000601
6921000 0.000552
6941000 0.000621
6961000 0.000752
6981000 0.000781
7001000 0.000802
7021000 0.001032
7041000 0.000972
7061000 0.000642
7081000 0.000881
7101000 0.000541
7121000 0.000952
7141000 0.002615
7161000 0.000761
7181000 0.000771
7201000 0.001022
7221000 0.000662
7241000 0.000801
7261000 0.000611
7281000 0.000541
7301000 0.000601
7321000 0.000921
7341000 0.000721
7361000 0.000752
7381000 0.000701
7401000 0.000752
7421000 0.000741
7441000 0.000741
7461000 0.000551
7481000 0.000672
7501000 0.000671
7521000 0.001022
7541000 0.000872
7561000 0.000752
7581000 0.001072
7601000 0.000581
7621000 0.000602
7641000 0.000611
7661000 0.002765
7681000 0.000511
7701000 0.000571
7721000 0.000571
7741000 0.000541
7761000 0.000901
7781000 0.000752
7801000 0.000812
7821000 0.000761
7841000 0.000982
7861000 0.000831
7881000 0.000611
7901000 0.000651
7921000 0.000701
7941000 0.000551
7961000 0.000641
7981000 0.000611
8001000 0.001012
8021000 0.000641
8041000 0.000591
8061000 0.000532
8081000 0.000571
8101000 0.000591
8121000 0.000782
8141000 0.000751
8161000 0.000591
8181000 0.000601
8201000 0.002495
8221000 0.000611
8241000 0.000571
8261000 0.000591
8281000 0.000671
8301000 0.000661
8321000 0.000681
8341000 0.000621
8361000 0.000611
8381000 0.000962
8401000 0.000642
8421000 0.000611
8441000 0.000631
8461000 0.000881
8481000 0.000592
8501000 0.000741
8521000 0.000992
8541000 0.001062
8561000 0.001122
8581000 0.000781
8601000 0.000661
8621000 0.000802
8641000 0.000952
8661000 0.000761
8681000 0.000911
8701000 0.001092
8721000 0.002595
8741000 0.000651
8761000 0.000642
8781000 0.000691
8801000 0.000632
8821000 0.000651
8841000 0.001072
8861000 0.001093
8881000 0.001032
8901000 0.000631
8921000 0.000722
8941000 0.000591
8961000 0.000601
8981000 0.000642
9001000 0.000721
9021000 0.000672
9041000 0.000641
9061000 0.000842
9081000 0.000591
9101000 0.000672
9121000 0.000902
9141000 0.000631
9161000 0.000671
9181000 0.001462
9201000 0.001903
9221000 0.002215
9241000 0.002655
9261000 0.000752
9281000 0.000641
9301000 0.000822
9321000 0.000862
9341000 0.000922
9361000 0.000851
9381000 0.001032
9401000 0.001042
9421000 0.001142
9441000 0.001413
9461000 0.000892
9481000 0.001202
9501000 0.001673
9521000 0.001142
9541000 0.000882
9561000 0.001563
9581000 0.000932
9601000 0.000682
9621000 0.000982
9641000 0.000701
9661000 0.000572
9681000 0.000942
9701000 0.000591
9721000 0.001423
9741000 0.001182
9761000 0.003337
9781000 0.004479
9801000 0.003897
9821000 0.005571
9841000 0.003797
9861000 0.004188
9881000 0.003286
9901000 0.003838
9921000 0.004038
9941000 0.004428
9961000 0.059494
9981000 0.003998
