   1000 0.000732
  21000 0.001062
  41000 0.000651
  61000 0.000892
  81000 0.000892
 101000 0.000821
 121000 0.000691
 141000 0.000541
 161000 0.000651
 181000 0.000692
 201000 0.000511
 221000 0.000681
 241000 0.000821
 261000 0.000821
 281000 0.000752
 301000 0.000531
 321000 0.000591
 341000 0.000491
 361000 0.000471
 381000 0.000551
 401000 0.000561
 421000 0.000431
 441000 0.000541
 461000 0.001222
 481000 0.001021
 501000 0.001182
 521000 0.000632
 541000 0.000651
 561000 0.000571
 581000 0.000691
 601000 0.000742
 621000 0.000571
 641000 0.000421
 661000 0.000511
 681000 0.000541
 701000 0.000441
 721000 0.000511
 741000 0.000471
 761000 0.000461
 781000 0.000541
 801000 0.000552
 821000 0.000561
 841000 0.000441
 861000 0.000571
 881000 0.000411
 901000 0.000541
 921000 0.000531
 941000 0.000661
 961000 0.000490
 981000 0.001813
1001000 0.001112
1021000 0.001002
1041000 0.000451
1061000 0.000431
1081000 0.000371
1101000 0.000651
1121000 0.000852
1141000 0.000561
1161000 0.000410
1181000 0.000501
1201000 0.000521
1221000 0.000591
1241000 0.000411
1261000 0.000622
1281000 0.000661
1301000 0.001022
1321000 0.000421
1341000 0.000501
1361000 0.000662
1381000 0.000551
1401000 0.000771
1421000 0.000501
1441000 0.000651
1461000 0.000802
1481000 0.000501
1501000 0.000511
1521000 0.000451
1541000 0.000541
1561000 0.000391
1581000 0.000701
1601000 0.000481
1621000 0.000702
1641000 0.000481
1661000 0.000381
1681000 0.000361
1701000 0.000701
1721000 0.000592
1741000 0.000601
1761000 0.000371
1781000 0.000751
1801000 0.000340
1821000 0.000612
1841000 0.000451
1861000 0.001132
1881000 0.000331
1901000 0.000852
1921000 0.000872
1941000 0.000471
1961000 0.000401
1981000 0.000491
2001000 0.000341
2021000 0.000631
2041000 0.000321
2061000 0.000471
2081000 0.000321
2101000 0.000541
2121000 0.000431
2141000 0.000682
2161000 0.000391
2181000 0.000511
2201000 0.000341
2221000 0.000581
2241000 0.000731
2261000 0.000431
2281000 0.000451
2301000 0.000421
2321000 0.000390
2341000 0.000501
2361000 0.000752
2381000 0.000471
2401000 0.000591
2421000 0.000491
2441000 0.000571
2461000 0.000380
2481000 0.000480
2501000 0.000471
2521000 0.000350
2541000 0.000631
2561000 0.000581
2581000 0.000601
2601000 0.000351
2621000 0.000451
2641000 0.000401
2661000 0.000481
2681000 0.000621
2701000 0.000562
2721000 0.000431
2741000 0.000561
2761000 0.000371
2781000 0.000401
2801000 0.000381
2821000 0.000481
2841000 0.000832
2861000 0.000811
2881000 0.000390
2901000 0.000542
2921000 0.000370
2941000 0.000491
2961000 0.000721
2981000 0.000401
3001000 0.000551
3021000 0.000400
3041000 0.000531
3061000 0.000571
3081000 0.000852
3101000 0.000541
3121000 0.000882
3141000 0.000381
3161000 0.000471
3181000 0.000752
3201000 0.000701
3221000 0.000401
3241000 0.000311
3261000 0.000621
3281000 0.000321
3301000 0.000652
3321000 0.000511
3341000 0.000521
3361000 0.000461
3381000 0.000581
3401000 0.000511
3421000 0.000741
3441000 0.000350
3461000 0.000510
3481000 0.000591
3501000 0.000431
3521000 0.000351
3541000 0.000421
3561000 0.000451
3581000 0.000581
3601000 0.000371
3621000 0.000511
3641000 0.000380
3661000 0.000662
3681000 0.000781
3701000 0.000681
3721000 0.000341
3741000 0.000491
3761000 0.000521
3781000 0.000742
3801000 0.000491
3821000 0.000501
3841000 0.000542
3861000 0.000431
3881000 0.000401
3901000 0.000631
3921000 0.000381
3941000 0.000431
3961000 0.000551
3981000 0.000842
4001000 0.000752
4021000 0.000461
4041000 0.000781
4061000 0.000561
4081000 0.000381
4101000 0.001303
4121000 0.000761
4141000 0.000421
4161000 0.000431
4181000 0.000571
4201000 0.000451
4221000 0.000421
4241000 0.000411
4261000 0.000401
4281000 0.000431
4301000 0.000521
4321000 0.000381
4341000 0.000451
4361000 0.000431
4381000 0.000421
4401000 0.000301
4421000 0.000431
4441000 0.000341
4461000 0.000431
4481000 0.000401
4501000 0.000471
4521000 0.000391
4541000 0.000441
4561000 0.000381
4581000 0.000491
4601000 0.000882
4621000 0.000591
4641000 0.000521
4661000 0.000672
4681000 0.000441
4701000 0.000481
4721000 0.000521
4741000 0.000551
4761000 0.000812
4781000 0.000721
4801000 0.000411
4821000 0.000722
4841000 0.000410
4861000 0.000400
4881000 0.000360
4901000 0.000430
4921000 0.000290
4941000 0.000511
4961000 0.000341
4981000 0.000411
5001000 0.012444
5021000 0.001082
5041000 0.000992
5061000 0.000862
5081000 0.000752
5101000 0.000882
5121000 0.000661
5141000 0.000852
5161000 0.001012
5181000 0.003186
5201000 0.001623
5221000 0.002946
5241000 0.000982
5261000 0.000872
5281000 0.000862
5301000 0.001273
5321000 0.000992
5341000 0.000551
5361000 0.000561
5381000 0.000671
5401000 0.000561
5421000 0.000652
5441000 0.000581
5461000 0.000521
5481000 0.000952
5501000 0.000791
5521000 0.000712
5541000 0.000601
5561000 0.000952
5581000 0.000591
5601000 0.000611
5621000 0.000571
5641000 0.000701
5661000 0.000882
5681000 0.000722
5701000 0.000751
5721000 0.000671
5741000 0.002355
5761000 0.000571
5781000 0.000561
5801000 0.001062
5821000 0.000701
5841000 0.000762
5861000 0.000842
5881000 0.000932
5901000 0.000611
5921000 0.000551
5941000 0.000581
5961000 0.000662
5981000 0.001052
6001000 0.000601
6021000 0.000732
6041000 0.000621
6061000 0.000591
6081000 0.000721
6101000 0.000651
6121000 0.000651
6141000 0.000561
6161000 0.000592
6181000 0.000972
6201000 0.000621
6221000 0.003627
6241000 0.000972
6261000 0.002354
6281000 0.000592
6301000 0.000711
6321000 0.000642
6341000 0.000601
6361000 0.000571
6381000 0.000652
6401000 0.000571
6421000 0.000551
6441000 0.000671
6461000 0.000721
6481000 0.000931
6501000 0.001011
6521000 0.001132
6541000 0.000822
6561000 0.001022
6581000 0.001232
6601000 0.000591
6621000 0.001052
6641000 0.000882
6661000 0.000982
6681000 0.000922
6701000 0.000862
6721000 0.000861
6741000 0.001312
6761000 0.001052
6781000 0.003827
6801000 0.000681
6821000 0.000711
6841000 0.000632
6861000 0.001052
6881000 0.003216
6901000 0.001083
6921000 0.000771
6941000 0.000692
6961000 0.001262
6981000 0.000962
7001000 0.000671
7021000 0.000812
7041000 0.001664
7061000 0.001112
7081000 0.001002
7101000 0.001292
7121000 0.001223
7141000 0.000821
7161000 0.001182
7181000 0.000752
7201000 0.000882
7221000 0.000852
7241000 0.001032
7261000 0.000591
7281000 0.000772
7301000 0.003326
7321000 0.001032
7341000 0.000721
7361000 0.000772
7381000 0.000651
7401000 0.000951
7421000 0.000631
7441000 0.000731
7461000 0.001402
7481000 0.000882
7501000 0.000632
7521000 0.000932
7541000 0.000671
7561000 0.001002
7581000 0.001233
7601000 0.001292
7621000 0.001202
7641000 0.001032
7661000 0.001343
7681000 0.000631
7701000 0.000861
7721000 0.000912
7741000 0.001082
7761000 0.000771
7781000 0.000792
7801000 0.000661
7821000 0.000901
7841000 0.002434
7861000 0.000812
7881000 0.000651
7901000 0.000661
7921000 0.001052
7941000 0.000672
7961000 0.000561
7981000 0.001032
8001000 0.000631
8021000 0.000862
8041000 0.000571
8061000 0.000581
8081000 0.000761
8101000 0.000982
8121000 0.000892
8141000 0.000581
8161000 0.000581
8181000 0.000641
8201000 0.000722
8221000 0.001172
8241000 0.000622
8261000 0.000751
8281000 0.000531
8301000 0.000501
8321000 0.000861
8341000 0.000561
8361000 0.004468
8381000 0.000641
8401000 0.000672
8421000 0.000591
8441000 0.000621
8461000 0.000842
8481000 0.000632
8501000 0.000621
8521000 0.000852
8541000 0.000551
8561000 0.000611
8581000 0.000531
8601000 0.000511
8621000 0.000591
8641000 0.000651
8661000 0.000661
8681000 0.000862
8701000 0.000832
8721000 0.001072
8741000 0.000602
8761000 0.000621
8781000 0.000551
8801000 0.000541
8821000 0.000671
8841000 0.000702
8861000 0.000621
8881000 0.002505
8901000 0.000671
8921000 0.000571
8941000 0.000661
8961000 0.000652
8981000 0.000581
9001000 0.000882
9021000 0.000531
9041000 0.000571
9061000 0.000932
9081000 0.000691
9101000 0.000561
9121000 0.000641
9141000 0.000681
9161000 0.000741
9181000 0.000702
9201000 0.000591
9221000 0.000591
9241000 0.000591
9261000 0.000852
9281000 0.000741
9301000 0.000551
9321000 0.000651
9341000 0.001012
9361000 0.000651
9381000 0.000701
9401000 0.004178
9421000 0.000781
9441000 0.000561
9461000 0.000621
9481000 0.000641
9501000 0.000621
9521000 0.000581
9541000 0.000761
9561000 0.000832
9581000 0.000641
9601000 0.000931
9621000 0.000611
9641000 0.000721
9661000 0.000651
9681000 0.000621
9701000 0.000722
9721000 0.000591
9741000 0.000662
9761000 0.000661
9781000 0.000761
9801000 0.000742
9821000 0.001021
9841000 0.000841
9861000 0.000972
9881000 0.000802
9901000 0.000611
9921000 0.000731
9941000 0.005170
9961000 0.004539
9981000 0.004819
