   1000 0.000311
  21000 0.000812
  41000 0.000330
  61000 0.000601
  81000 0.000521
 101000 0.000751
 121000 0.000441
 141000 0.000622
 161000 0.000481
 181000 0.000662
 201000 0.000300
 221000 0.000671
 241000 0.000491
 261000 0.000652
 281000 0.000411
 301000 0.000681
 321000 0.000461
 341000 0.000621
 361000 0.000491
 381000 0.000681
 401000 0.000401
 421000 0.000581
 441000 0.000491
 461000 0.000631
 481000 0.000461
 501000 0.000691
 521000 0.000331
 541000 0.000672
 561000 0.000501
 581000 0.000731
 601000 0.000662
 621000 0.000581
 641000 0.000481
 661000 0.000521
 681000 0.000461
 701000 0.000631
 721000 0.000531
 741000 0.000571
 761000 0.000651
 781000 0.000652
 801000 0.000631
 821000 0.000551
 841000 0.000461
 861000 0.000671
 881000 0.000321
 901000 0.000521
 921000 0.000481
 941000 0.000701
 961000 0.000370
 981000 0.000552
1001000 0.000541
1021000 0.000521
1041000 0.000391
1061000 0.000651
1081000 0.000511
1101000 0.000480
1121000 0.000390
1141000 0.000651
1161000 0.000351
1181000 0.000561
1201000 0.000421
1221000 0.000491
1241000 0.000471
1261000 0.000491
1281000 0.000381
1301000 0.000861
1321000 0.000400
1341000 0.000562
1361000 0.000400
1381000 0.000511
1401000 0.000320
1421000 0.000561
1441000 0.000491
1461000 0.000531
1481000 0.000401
1501000 0.000601
1521000 0.000400
1541000 0.000480
1561000 0.000350
1581000 0.000501
1601000 0.000420
1621000 0.000481
1641000 0.000411
1661000 0.000541
1681000 0.000351
1701000 0.000471
1721000 0.000421
1741000 0.000491
1761000 0.000411
1781000 0.000962
1801000 0.000381
1821000 0.000491
1841000 0.000381
1861000 0.000571
1881000 0.000401
1901000 0.000581
1921000 0.000431
1941000 0.000491
1961000 0.000401
1981000 0.000491
2001000 0.000391
2021000 0.000481
2041000 0.000361
2061000 0.000682
2081000 0.000320
2101000 0.000491
2121000 0.000441
2141000 0.000511
2161000 0.000401
2181000 0.000481
2201000 0.000411
2221000 0.000521
2241000 0.000421
2261000 0.000491
2281000 0.000371
2301000 0.000531
2321000 0.000401
2341000 0.000912
2361000 0.000351
2381000 0.000441
2401000 0.000411
2421000 0.000411
2441000 0.000411
2461000 0.000411
2481000 0.000431
2501000 0.000441
2521000 0.000340
2541000 0.000481
2561000 0.000390
2581000 0.000561
2601000 0.000341
2621000 0.000411
2641000 0.000411
2661000 0.000471
2681000 0.000381
2701000 0.000431
2721000 0.000501
2741000 0.000421
2761000 0.000351
2781000 0.000411
2801000 0.000461
2821000 0.000531
2841000 0.000401
2861000 0.000461
2881000 0.000381
2901000 0.000521
2921000 0.000421
2941000 0.000511
2961000 0.000421
2981000 0.000531
3001000 0.000370
3021000 0.000672
3041000 0.000401
3061000 0.000481
3081000 0.000321
3101000 0.000501
3121000 0.000411
3141000 0.000481
3161000 0.000391
3181000 0.000571
3201000 0.000361
3221000 0.000401
3241000 0.000310
3261000 0.000531
3281000 0.000310
3301000 0.000831
3321000 0.000341
3341000 0.000491
3361000 0.000401
3381000 0.000391
3401000 0.000321
3421000 0.000441
3441000 0.000301
3461000 0.000531
3481000 0.000431
3501000 0.000421
3521000 0.000381
3541000 0.000461
3561000 0.000381
3581000 0.000481
3601000 0.000461
3621000 0.000491
3641000 0.000321
3661000 0.000491
3681000 0.000381
3701000 0.000511
3721000 0.000361
3741000 0.000411
3761000 0.000310
3781000 0.000481
3801000 0.000441
3821000 0.000410
3841000 0.000390
3861000 0.000450
3881000 0.000340
3901000 0.000421
3921000 0.000441
3941000 0.000511
3961000 0.000330
3981000 0.000431
4001000 0.000351
4021000 0.000381
4041000 0.000371
4061000 0.000441
4081000 0.000321
4101000 0.000491
4121000 0.000301
4141000 0.000410
4161000 0.000481
4181000 0.000471
4201000 0.000441
4221000 0.000581
4241000 0.000411
4261000 0.000521
4281000 0.000351
4301000 0.000431
4321000 0.000341
4341000 0.000411
4361000 0.000371
4381000 0.000431
4401000 0.000350
4421000 0.000511
4441000 0.000350
4461000 0.000491
4481000 0.000340
4501000 0.000440
4521000 0.000531
4541000 0.000481
4561000 0.000391
4581000 0.000421
4601000 0.000441
4621000 0.000491
4641000 0.000320
4661000 0.000481
4681000 0.000350
4701000 0.000501
4721000 0.000380
4741000 0.000440
4761000 0.000340
4781000 0.000662
4801000 0.000391
4821000 0.000561
4841000 0.000351
4861000 0.000451
4881000 0.000371
4901000 0.000491
4921000 0.000331
4941000 0.000501
4961000 0.000341
4981000 0.000451
5001000 0.009618
5021000 0.002545
5041000 0.001784
5061000 0.001894
5081000 0.001753
5101000 0.001994
5121000 0.001774
5141000 0.002385
5161000 0.002665
5181000 0.001303
5201000 0.001673
5221000 0.003858
5241000 0.001723
5261000 0.001664
5281000 0.002024
5301000 0.001633
5321000 0.001563
5341000 0.001804
5361000 0.002094
5381000 0.001693
5401000 0.001172
5421000 0.001403
5441000 0.001222
5461000 0.001473
5481000 0.001343
5501000 0.001773
5521000 0.001242
5541000 0.001233
5561000 0.000901
5581000 0.001212
5601000 0.001353
5621000 0.001533
5641000 0.001052
5661000 0.001042
5681000 0.001052
5701000 0.001342
5721000 0.000952
5741000 0.003327
5761000 0.000741
5781000 0.001011
5801000 0.001182
5821000 0.000932
5841000 0.000902
5861000 0.000862
5881000 0.000641
5901000 0.001213
5921000 0.000911
5941000 0.000861
5961000 0.001083
5981000 0.000841
6001000 0.000712
6021000 0.001102
6041000 0.001433
6061000 0.000912
6081000 0.000762
6101000 0.001272
6121000 0.000612
6141000 0.000921
6161000 0.000731
6181000 0.001042
6201000 0.000812
6221000 0.002725
6241000 0.000651
6261000 0.002795
6281000 0.000872
6301000 0.000892
6321000 0.000671
6341000 0.001012
6361000 0.000891
6381000 0.000751
6401000 0.000591
6421000 0.000671
6441000 0.000782
6461000 0.000621
6481000 0.000792
6501000 0.000551
6521000 0.000721
6541000 0.000911
6561000 0.000642
6581000 0.000791
6601000 0.000551
6621000 0.000621
6641000 0.000782
6661000 0.000811
6681000 0.000761
6701000 0.000601
6721000 0.000691
6741000 0.000962
6761000 0.000751
6781000 0.002715
6801000 0.000721
6821000 0.000691
6841000 0.000721
6861000 0.000921
6881000 0.000701
6901000 0.000832
6921000 0.000741
6941000 0.000632
6961000 0.000641
6981000 0.000601
7001000 0.000641
7021000 0.000741
7041000 0.000601
7061000 0.000841
7081000 0.000541
7101000 0.000631
7121000 0.000521
7141000 0.000592
7161000 0.000611
7181000 0.000561
7201000 0.000561
7221000 0.000661
7241000 0.000601
7261000 0.000511
7281000 0.000991
7301000 0.002514
7321000 0.000641
7341000 0.000711
7361000 0.000542
7381000 0.000781
7401000 0.000521
7421000 0.000531
7441000 0.000992
7461000 0.000681
7481000 0.000662
7501000 0.000491
7521000 0.000571
7541000 0.000501
7561000 0.000491
7581000 0.000591
7601000 0.000531
7621000 0.000561
7641000 0.000691
7661000 0.001042
7681000 0.000641
7701000 0.000461
7721000 0.000531
7741000 0.000551
7761000 0.000561
7781000 0.000521
7801000 0.000511
7821000 0.000521
7841000 0.002796
7861000 0.000761
7881000 0.000572
7901000 0.000561
7921000 0.000491
7941000 0.000581
7961000 0.000561
7981000 0.000561
8001000 0.000611
8021000 0.000551
8041000 0.000521
8061000 0.000521
8081000 0.000831
8101000 0.000541
8121000 0.000591
8141000 0.000531
8161000 0.000491
8181000 0.000602
8201000 0.000501
8221000 0.000611
8241000 0.000531
8261000 0.000612
8281000 0.000521
8301000 0.000882
8321000 0.000561
8341000 0.000551
8361000 0.002826
8381000 0.000631
8401000 0.000611
8421000 0.000591
8441000 0.000521
8461000 0.000872
8481000 0.000531
8501000 0.000601
8521000 0.000561
8541000 0.000481
8561000 0.000611
8581000 0.000551
8601000 0.000541
8621000 0.000552
8641000 0.000561
8661000 0.000601
8681000 0.000932
8701000 0.000561
8721000 0.000521
8741000 0.000621
8761000 0.000511
8781000 0.000541
8801000 0.000541
8821000 0.000531
8841000 0.000551
8861000 0.000611
8881000 0.003337
8901000 0.000501
8921000 0.000561
8941000 0.000591
8961000 0.000541
8981000 0.000631
9001000 0.000621
9021000 0.000611
9041000 0.000581
9061000 0.000992
9081000 0.000672
9101000 0.000561
9121000 0.000621
9141000 0.000642
9161000 0.000551
9181000 0.000581
9201000 0.000611
9221000 0.000601
9241000 0.000591
9261000 0.000541
9281000 0.000901
9301000 0.000772
9321000 0.000501
9341000 0.000531
9361000 0.000622
9381000 0.000721
9401000 0.003407
9421000 0.001002
9441000 0.000591
9461000 0.000561
9481000 0.000551
9501000 0.000581
9521000 0.000611
9541000 0.000591
9561000 0.000491
9581000 0.000681
9601000 0.000642
9621000 0.000541
9641000 0.000711
9661000 0.000831
9681000 0.000632
9701000 0.000551
9721000 0.000631
9741000 0.000531
9761000 0.000562
9781000 0.000571
9801000 0.000601
9821000 0.000652
9841000 0.000551
9861000 0.000932
9881000 0.000701
9901000 0.000521
9921000 0.001873
9941000 0.004509
9961000 0.003216
9981000 0.004760
