   1000 0.001123
  21000 0.001413
  41000 0.000441
  61000 0.000891
  81000 0.000961
 101000 0.000902
 121000 0.000601
 141000 0.000671
 161000 0.001072
 181000 0.001142
 201000 0.000822
 221000 0.000872
 241000 0.000771
 261000 0.001022
 281000 0.000451
 301000 0.000691
 321000 0.000842
 341000 0.000742
 361000 0.000571
 381000 0.000791
 401000 0.000732
 421000 0.000651
 441000 0.000902
 461000 0.001122
 481000 0.000861
 501000 0.000641
 521000 0.000571
 541000 0.000641
 561000 0.000481
 581000 0.000862
 601000 0.000641
 621000 0.001433
 641000 0.000852
 661000 0.001052
 681000 0.000591
 701000 0.000871
 721000 0.000491
 741000 0.000491
 761000 0.000451
 781000 0.000932
 801000 0.000501
 821000 0.000792
 841000 0.000621
 861000 0.000661
 881000 0.000601
 901000 0.000481
 921000 0.000732
 941000 0.000651
 961000 0.000391
 981000 0.000582
1001000 0.000350
1021000 0.000661
1041000 0.000351
1061000 0.000802
1081000 0.000491
1101000 0.000701
1121000 0.000411
1141000 0.000521
1161000 0.000471
1181000 0.000431
1201000 0.000591
1221000 0.000611
1241000 0.001123
1261000 0.000962
1281000 0.000391
1301000 0.000381
1321000 0.000411
1341000 0.000762
1361000 0.001052
1381000 0.000581
1401000 0.000481
1421000 0.000671
1441000 0.000561
1461000 0.000802
1481000 0.000460
1501000 0.000721
1521000 0.000421
1541000 0.000381
1561000 0.000501
1581000 0.000441
1601000 0.000491
1621000 0.000541
1641000 0.000370
1661000 0.000451
1681000 0.000471
1701000 0.000461
1721000 0.000581
1741000 0.000712
1761000 0.000691
1781000 0.000441
1801000 0.001233
1821000 0.000631
1841000 0.000361
1861000 0.000651
1881000 0.000531
1901000 0.000471
1921000 0.000381
1941000 0.000541
1961000 0.000421
1981000 0.000802
2001000 0.000441
2021000 0.000531
2041000 0.000380
2061000 0.000661
2081000 0.000732
2101000 0.000721
2121000 0.000491
2141000 0.000751
2161000 0.000411
2181000 0.000461
2201000 0.000872
2221000 0.000732
2241000 0.000521
2261000 0.000711
2281000 0.000380
2301000 0.000981
2321000 0.000400
2341000 0.000480
2361000 0.000360
2381000 0.000561
2401000 0.000541
2421000 0.000611
2441000 0.001233
2461000 0.000611
2481000 0.000511
2501000 0.000480
2521000 0.000581
2541000 0.000902
2561000 0.000771
2581000 0.000741
2601000 0.000551
2621000 0.000741
2641000 0.001052
2661000 0.000651
2681000 0.000671
2701000 0.000721
2721000 0.000371
2741000 0.000441
2761000 0.000651
2781000 0.000701
2801000 0.001273
2821000 0.000761
2841000 0.000501
2861000 0.000460
2881000 0.000380
2901000 0.000741
2921000 0.000511
2941000 0.000852
2961000 0.000511
2981000 0.000631
3001000 0.000641
3021000 0.000501
3041000 0.000751
3061000 0.000441
3081000 0.000451
3101000 0.000381
3121000 0.000371
3141000 0.000752
3161000 0.000461
3181000 0.000601
3201000 0.000391
3221000 0.000842
3241000 0.000441
3261000 0.000551
3281000 0.000371
3301000 0.000471
3321000 0.000401
3341000 0.000551
3361000 0.000571
3381000 0.000681
3401000 0.000572
3421000 0.000861
3441000 0.000290
3461000 0.000992
3481000 0.000470
3501000 0.000360
3521000 0.000410
3541000 0.000450
3561000 0.000260
3581000 0.000591
3601000 0.000350
3621000 0.000460
3641000 0.000410
3661000 0.000400
3681000 0.000601
3701000 0.000411
3721000 0.000481
3741000 0.000722
3761000 0.000401
3781000 0.000431
3801000 0.000361
3821000 0.000481
3841000 0.000401
3861000 0.000511
3881000 0.000451
3901000 0.000541
3921000 0.000350
3941000 0.000441
3961000 0.000340
3981000 0.000871
4001000 0.000541
4021000 0.000421
4041000 0.000370
4061000 0.000621
4081000 0.000591
4101000 0.000592
4121000 0.000250
4141000 0.000561
4161000 0.000471
4181000 0.000421
4201000 0.000491
4221000 0.000571
4241000 0.000350
4261000 0.000692
4281000 0.000331
4301000 0.000421
4321000 0.000320
4341000 0.000480
4361000 0.000330
4381000 0.000481
4401000 0.000370
4421000 0.000440
4441000 0.000350
4461000 0.000430
4481000 0.000270
4501000 0.000371
4521000 0.000391
4541000 0.000471
4561000 0.000371
4581000 0.000611
4601000 0.000420
4621000 0.000480
4641000 0.000260
4661000 0.000702
4681000 0.000571
4701000 0.000752
4721000 0.000641
4741000 0.000712
4761000 0.000541
4781000 0.000381
4801000 0.000641
4821000 0.000511
4841000 0.000641
4861000 0.000471
4881000 0.000471
4901000 0.000441
4921000 0.000571
4941000 0.000501
4961000 0.000451
4981000 0.000651
5001000 0.020739
5021000 0.001202
5041000 0.000722
5061000 0.000881
5081000 0.002344
5101000 0.001313
5121000 0.000822
5141000 0.000772
5161000 0.003346
5181000 0.001363
5201000 0.001373
5221000 0.000651
5241000 0.001052
5261000 0.000751
5281000 0.001363
5301000 0.001072
5321000 0.000801
5341000 0.001503
5361000 0.000822
5381000 0.001052
5401000 0.001553
5421000 0.000861
5441000 0.001022
5461000 0.001493
5481000 0.001122
5501000 0.001253
5521000 0.001713
5541000 0.000971
5561000 0.000771
5581000 0.002094
5601000 0.000771
5621000 0.001694
5641000 0.001543
5661000 0.001834
5681000 0.004218
5701000 0.000932
5721000 0.001643
5741000 0.001193
5761000 0.001232
5781000 0.000721
5801000 0.000722
5821000 0.000741
5841000 0.000741
5861000 0.000852
5881000 0.000612
5901000 0.000891
5921000 0.000541
5941000 0.000641
5961000 0.000642
5981000 0.000651
6001000 0.000571
6021000 0.000621
6041000 0.000611
6061000 0.000591
6081000 0.000731
6101000 0.000832
6121000 0.001804
6141000 0.000791
6161000 0.000591
6181000 0.000771
6201000 0.000641
6221000 0.002375
6241000 0.000611
6261000 0.000601
6281000 0.000642
6301000 0.000962
6321000 0.001292
6341000 0.000651
6361000 0.000751
6381000 0.001543
6401000 0.000721
6421000 0.000751
6441000 0.000621
6461000 0.000651
6481000 0.000672
6501000 0.000641
6521000 0.000632
6541000 0.000581
6561000 0.000922
6581000 0.000641
6601000 0.000861
6621000 0.000811
6641000 0.000802
6661000 0.000671
6681000 0.000741
6701000 0.000621
6721000 0.000621
6741000 0.002645
6761000 0.001112
6781000 0.000751
6801000 0.000721
6821000 0.000671
6841000 0.000581
6861000 0.000551
6881000 0.000912
6901000 0.000601
6921000 0.000641
6941000 0.000822
6961000 0.000551
6981000 0.000611
7001000 0.000561
7021000 0.000721
7041000 0.000671
7061000 0.000631
7081000 0.001123
7101000 0.000641
7121000 0.000601
7141000 0.000571
7161000 0.000671
7181000 0.000672
7201000 0.000581
7221000 0.000601
7241000 0.000511
7261000 0.002234
7281000 0.000651
7301000 0.000851
7321000 0.000682
7341000 0.000551
7361000 0.000601
7381000 0.000671
7401000 0.000551
7421000 0.000862
7441000 0.000802
7461000 0.000741
7481000 0.000752
7501000 0.000631
7521000 0.000562
7541000 0.000561
7561000 0.000792
7581000 0.000621
7601000 0.000681
7621000 0.000601
7641000 0.000521
7661000 0.001062
7681000 0.000591
7701000 0.000531
7721000 0.000621
7741000 0.000581
7761000 0.000781
7781000 0.002955
7801000 0.000631
7821000 0.000661
7841000 0.000592
7861000 0.000641
7881000 0.000581
7901000 0.000571
7921000 0.000681
7941000 0.000622
7961000 0.000671
7981000 0.000892
8001000 0.000672
8021000 0.000801
8041000 0.001142
8061000 0.000832
8081000 0.000661
8101000 0.000661
8121000 0.000641
8141000 0.000621
8161000 0.000922
8181000 0.000622
8201000 0.000701
8221000 0.000952
8241000 0.000651
8261000 0.000651
8281000 0.000582
8301000 0.000571
8321000 0.002415
8341000 0.000521
8361000 0.000631
8381000 0.000591
8401000 0.000801
8421000 0.001012
8441000 0.000691
8461000 0.000591
8481000 0.000731
8501000 0.000861
8521000 0.000571
8541000 0.000541
8561000 0.000681
8581000 0.000592
8601000 0.000911
8621000 0.000872
8641000 0.000711
8661000 0.000682
8681000 0.000892
8701000 0.000661
8721000 0.000642
8741000 0.000822
8761000 0.000661
8781000 0.000592
8801000 0.000611
8821000 0.000722
8841000 0.002525
8861000 0.000671
8881000 0.000602
8901000 0.000681
8921000 0.000622
8941000 0.000722
8961000 0.000982
8981000 0.001613
9001000 0.001022
9021000 0.001082
9041000 0.001362
9061000 0.001072
9081000 0.000881
9101000 0.000672
9121000 0.001393
9141000 0.000831
9161000 0.000781
9181000 0.000982
9201000 0.000942
9221000 0.000602
9241000 0.000791
9261000 0.000881
9281000 0.000621
9301000 0.001122
9321000 0.000551
9341000 0.000601
9361000 0.002425
9381000 0.000601
9401000 0.000771
9421000 0.001353
9441000 0.001263
9461000 0.000902
9481000 0.000601
9501000 0.000752
9521000 0.000962
9541000 0.000892
9561000 0.000792
9581000 0.000631
9601000 0.000661
9621000 0.000661
9641000 0.000581
9661000 0.000531
9681000 0.000541
9701000 0.000761
9721000 0.000641
9741000 0.000952
9761000 0.001303
9781000 0.001152
9801000 0.000742
9821000 0.000581
9841000 0.000671
9861000 0.000551
9881000 0.003567
9901000 0.003777
9921000 0.003587
9941000 0.004439
9961000 0.003146
9981000 0.003908
