   1000 0.000812
  21000 0.000410
  41000 0.000611
  61000 0.000571
  81000 0.000661
 101000 0.000712
 121000 0.000602
 141000 0.000531
 161000 0.000481
 181000 0.000872
 201000 0.000351
 221000 0.000531
 241000 0.000541
 261000 0.000631
 281000 0.000411
 301000 0.000581
 321000 0.000470
 341000 0.000561
 361000 0.000430
 381000 0.000901
 401000 0.000400
 421000 0.000611
 441000 0.000681
 461000 0.000832
 481000 0.000421
 501000 0.000621
 521000 0.000420
 541000 0.000551
 561000 0.000371
 581000 0.000441
 601000 0.000531
 621000 0.000922
 641000 0.000331
 661000 0.000531
 681000 0.000390
 701000 0.000761
 721000 0.000511
 741000 0.000571
 761000 0.000501
 781000 0.000511
 801000 0.000521
 821000 0.000511
 841000 0.000380
 861000 0.000612
 881000 0.000431
 901000 0.000511
 921000 0.000481
 941000 0.000471
 961000 0.000371
 981000 0.000481
1001000 0.000381
1021000 0.000461
1041000 0.000370
1061000 0.000491
1081000 0.000401
1101000 0.000381
1121000 0.000380
1141000 0.000400
1161000 0.000380
1181000 0.000511
1201000 0.000361
1221000 0.000531
1241000 0.000581
1261000 0.000631
1281000 0.000441
1301000 0.000562
1321000 0.000451
1341000 0.000471
1361000 0.000421
1381000 0.000541
1401000 0.000391
1421000 0.000491
1441000 0.000460
1461000 0.000771
1481000 0.000391
1501000 0.000722
1521000 0.000401
1541000 0.000641
1561000 0.000400
1581000 0.000561
1601000 0.000381
1621000 0.000441
1641000 0.000391
1661000 0.000461
1681000 0.000371
1701000 0.000481
1721000 0.000541
1741000 0.000491
1761000 0.000420
1781000 0.000430
1801000 0.000380
1821000 0.000531
1841000 0.000381
1861000 0.000461
1881000 0.000361
1901000 0.000461
1921000 0.000411
1941000 0.000481
1961000 0.000431
1981000 0.000481
2001000 0.000651
2021000 0.000420
2041000 0.000340
2061000 0.000460
2081000 0.000440
2101000 0.000611
2121000 0.000441
2141000 0.000561
2161000 0.000420
2181000 0.000431
2201000 0.000401
2221000 0.000551
2241000 0.000351
2261000 0.000581
2281000 0.000361
2301000 0.000471
2321000 0.000611
2341000 0.000471
2361000 0.000431
2381000 0.000421
2401000 0.000421
2421000 0.000390
2441000 0.000631
2461000 0.000431
2481000 0.000431
2501000 0.000501
2521000 0.000762
2541000 0.000451
2561000 0.000341
2581000 0.000491
2601000 0.000692
2621000 0.000511
2641000 0.000481
2661000 0.000461
2681000 0.000491
2701000 0.000501
2721000 0.000421
2741000 0.000401
2761000 0.000381
2781000 0.000451
2801000 0.000391
2821000 0.000411
2841000 0.000541
2861000 0.000421
2881000 0.000431
2901000 0.000421
2921000 0.000421
2941000 0.000451
2961000 0.000421
2981000 0.000401
3001000 0.000391
3021000 0.000521
3041000 0.000390
3061000 0.000390
3081000 0.000420
3101000 0.000380
3121000 0.000360
3141000 0.000662
3161000 0.000571
3181000 0.000401
3201000 0.000401
3221000 0.000450
3241000 0.000350
3261000 0.000471
3281000 0.000421
3301000 0.000521
3321000 0.000411
3341000 0.000471
3361000 0.000380
3381000 0.000642
3401000 0.000491
3421000 0.000441
3441000 0.000551
3461000 0.000471
3481000 0.000401
3501000 0.000421
3521000 0.000401
3541000 0.000401
3561000 0.000341
3581000 0.000481
3601000 0.000371
3621000 0.000401
3641000 0.000391
3661000 0.000621
3681000 0.000401
3701000 0.000351
3721000 0.000311
3741000 0.000381
3761000 0.000320
3781000 0.000410
3801000 0.000420
3821000 0.000440
3841000 0.000360
3861000 0.000420
3881000 0.000360
3901000 0.000391
3921000 0.000351
3941000 0.000441
3961000 0.000541
3981000 0.000611
4001000 0.000381
4021000 0.000421
4041000 0.000371
4061000 0.000441
4081000 0.000451
4101000 0.000461
4121000 0.000351
4141000 0.000451
4161000 0.000421
4181000 0.000381
4201000 0.000371
4221000 0.000441
4241000 0.000741
4261000 0.000450
4281000 0.000360
4301000 0.000461
4321000 0.000380
4341000 0.000431
4361000 0.000400
4381000 0.000431
4401000 0.000300
4421000 0.000450
4441000 0.000380
4461000 0.000460
4481000 0.000361
4501000 0.000401
4521000 0.000431
4541000 0.000461
4561000 0.000591
4581000 0.000401
4601000 0.000331
4621000 0.000351
4641000 0.000270
4661000 0.000601
4681000 0.000421
4701000 0.000421
4721000 0.000401
4741000 0.000451
4761000 0.000371
4781000 0.000491
4801000 0.000291
4821000 0.000371
4841000 0.000531
4861000 0.000521
4881000 0.000421
4901000 0.000451
4921000 0.000451
4941000 0.000441
4961000 0.000381
4981000 0.000431
5001000 0.009839
5021000 0.000672
5041000 0.001092
5061000 0.000822
5081000 0.000701
5101000 0.000601
5121000 0.000611
5141000 0.000662
5161000 0.000591
5181000 0.000662
5201000 0.000581
5221000 0.000641
5241000 0.000611
5261000 0.000581
5281000 0.000671
5301000 0.000581
5321000 0.001012
5341000 0.000711
5361000 0.000561
5381000 0.000651
5401000 0.000611
5421000 0.000652
5441000 0.000671
5461000 0.000722
5481000 0.000691
5501000 0.002545
5521000 0.000621
5541000 0.000732
5561000 0.000681
5581000 0.000722
5601000 0.000711
5621000 0.000551
5641000 0.000681
5661000 0.000852
5681000 0.000601
5701000 0.000531
5721000 0.000661
5741000 0.002245
5761000 0.000671
5781000 0.000601
5801000 0.000561
5821000 0.000581
5841000 0.000802
5861000 0.000571
5881000 0.000511
5901000 0.000591
5921000 0.000561
5941000 0.000591
5961000 0.000521
5981000 0.000561
6001000 0.000621
6021000 0.003277
6041000 0.000531
6061000 0.000571
6081000 0.000652
6101000 0.000591
6121000 0.000551
6141000 0.000652
6161000 0.000631
6181000 0.000581
6201000 0.000871
6221000 0.000711
6241000 0.000631
6261000 0.000551
6281000 0.000771
6301000 0.000681
6321000 0.000621
6341000 0.000721
6361000 0.000692
6381000 0.000781
6401000 0.000582
6421000 0.000601
6441000 0.000581
6461000 0.000571
6481000 0.000721
6501000 0.000662
6521000 0.000611
6541000 0.002375
6561000 0.000942
6581000 0.000701
6601000 0.000641
6621000 0.000581
6641000 0.000652
6661000 0.000701
6681000 0.000561
6701000 0.000631
6721000 0.000721
6741000 0.001052
6761000 0.000841
6781000 0.000581
6801000 0.000601
6821000 0.000642
6841000 0.000571
6861000 0.000571
6881000 0.000602
6901000 0.000551
6921000 0.000621
6941000 0.000582
6961000 0.000531
6981000 0.000882
7001000 0.000571
7021000 0.000671
7041000 0.000681
7061000 0.003196
7081000 0.000801
7101000 0.000652
7121000 0.000511
7141000 0.000752
7161000 0.000611
7181000 0.000662
7201000 0.000691
7221000 0.000632
7241000 0.000611
7261000 0.000621
7281000 0.000881
7301000 0.000691
7321000 0.000581
7341000 0.000551
7361000 0.000661
7381000 0.000932
7401000 0.000702
7421000 0.000651
7441000 0.001102
7461000 0.001353
7481000 0.000752
7501000 0.000671
7521000 0.000742
7541000 0.000781
7561000 0.000861
7581000 0.000591
7601000 0.002305
7621000 0.000581
7641000 0.000541
7661000 0.000682
7681000 0.000611
7701000 0.000651
7721000 0.000741
7741000 0.000712
7761000 0.000601
7781000 0.000531
7801000 0.000511
7821000 0.001252
7841000 0.000822
7861000 0.000701
7881000 0.000691
7901000 0.000571
7921000 0.000682
7941000 0.000611
7961000 0.000531
7981000 0.000592
8001000 0.000781
8021000 0.000881
8041000 0.000571
8061000 0.000581
8081000 0.000611
8101000 0.000812
8121000 0.003056
8141000 0.000581
8161000 0.000662
8181000 0.000581
8201000 0.000662
8221000 0.000571
8241000 0.000631
8261000 0.000541
8281000 0.000621
8301000 0.000591
8321000 0.000612
8341000 0.000851
8361000 0.000631
8381000 0.000571
8401000 0.000601
8421000 0.000541
8441000 0.000541
8461000 0.000681
8481000 0.000641
8501000 0.000681
8521000 0.000611
8541000 0.000731
8561000 0.000871
8581000 0.000951
8601000 0.000661
8621000 0.000732
8641000 0.002214
8661000 0.000721
8681000 0.000541
8701000 0.000912
8721000 0.000742
8741000 0.000561
8761000 0.000612
8781000 0.000701
8801000 0.000541
8821000 0.000621
8841000 0.000661
8861000 0.000571
8881000 0.000731
8901000 0.000531
8921000 0.000581
8941000 0.000671
8961000 0.000892
8981000 0.000561
9001000 0.000581
9021000 0.000591
9041000 0.000651
9061000 0.000931
9081000 0.000691
9101000 0.000892
9121000 0.000581
9141000 0.000652
9161000 0.002775
9181000 0.000682
9201000 0.000601
9221000 0.000531
9241000 0.000612
9261000 0.000761
9281000 0.000662
9301000 0.000671
9321000 0.000662
9341000 0.000641
9361000 0.000652
9381000 0.000631
9401000 0.000531
9421000 0.000882
9441000 0.001012
9461000 0.000732
9481000 0.000691
9501000 0.000641
9521000 0.000591
9541000 0.000591
9561000 0.000571
9581000 0.000541
9601000 0.000562
9621000 0.000611
9641000 0.000591
9661000 0.000721
9681000 0.001834
9701000 0.004018
9721000 0.004558
9741000 0.003967
9761000 0.004108
9781000 0.004238
9801000 0.003647
9821000 0.004148
9841000 0.004409
9861000 0.004358
9881000 0.003958
9901000 0.004449
9921000 0.003907
9941000 0.004990
9961000 0.003988
9981000 0.005461
