   1000 0.000541
  21000 0.000872
  41000 0.000922
  61000 0.001022
  81000 0.000921
 101000 0.001052
 121000 0.000561
 141000 0.000941
 161000 0.000652
 181000 0.000862
 201000 0.000782
 221000 0.000882
 241000 0.000711
 261000 0.000962
 281000 0.001012
 301000 0.001072
 321000 0.000682
 341000 0.000922
 361000 0.001132
 381000 0.001102
 401000 0.000771
 421000 0.000982
 441000 0.000822
 461000 0.000632
 481000 0.000711
 501000 0.000622
 521000 0.000561
 541000 0.000822
 561000 0.000731
 581000 0.000561
 601000 0.000421
 621000 0.000651
 641000 0.000411
 661000 0.000651
 681000 0.000491
 701000 0.000582
 721000 0.000371
 741000 0.000641
 761000 0.000481
 781000 0.000381
 801000 0.000391
 821000 0.000652
 841000 0.000561
 861000 0.001102
 881000 0.001142
 901000 0.000511
 921000 0.000672
 941000 0.000511
 961000 0.000431
 981000 0.000501
1001000 0.000391
1021000 0.000481
1041000 0.000521
1061000 0.000761
1081000 0.000491
1101000 0.000501
1121000 0.000541
1141000 0.000501
1161000 0.000381
1181000 0.000491
1201000 0.000441
1221000 0.000571
1241000 0.000441
1261000 0.000551
1281000 0.000400
1301000 0.000501
1321000 0.000401
1341000 0.001012
1361000 0.000421
1381000 0.000581
1401000 0.000341
1421000 0.000602
1441000 0.000611
1461000 0.000832
1481000 0.000791
1501000 0.000531
1521000 0.000571
1541000 0.000400
1561000 0.000370
1581000 0.000731
1601000 0.000651
1621000 0.000551
1641000 0.000691
1661000 0.000551
1681000 0.000912
1701000 0.000611
1721000 0.000651
1741000 0.000662
1761000 0.000521
1781000 0.000501
1801000 0.000521
1821000 0.000872
1841000 0.000641
1861000 0.000621
1881000 0.000460
1901000 0.000471
1921000 0.000621
1941000 0.000451
1961000 0.000571
1981000 0.000631
2001000 0.000501
2021000 0.000480
2041000 0.000942
2061000 0.000471
2081000 0.000551
2101000 0.000651
2121000 0.000692
2141000 0.000752
2161000 0.000491
2181000 0.000721
2201000 0.000511
2221000 0.000661
2241000 0.000701
2261000 0.000691
2281000 0.000641
2301000 0.000551
2321000 0.000591
2341000 0.000661
2361000 0.000391
2381000 0.000481
2401000 0.000461
2421000 0.000562
2441000 0.000450
2461000 0.000511
2481000 0.000611
2501000 0.000511
2521000 0.000401
2541000 0.000451
2561000 0.000421
2581000 0.000460
2601000 0.000410
2621000 0.000821
2641000 0.001302
2661000 0.000952
2681000 0.000751
2701000 0.000491
2721000 0.000361
2741000 0.000571
2761000 0.000601
2781000 0.000461
2801000 0.000581
2821000 0.000672
2841000 0.000691
2861000 0.000481
2881000 0.001113
2901000 0.000481
2921000 0.000601
2941000 0.000381
2961000 0.000351
2981000 0.000651
3001000 0.000370
3021000 0.000592
3041000 0.000391
3061000 0.000410
3081000 0.001132
3101000 0.000401
3121000 0.000722
3141000 0.000411
3161000 0.000441
3181000 0.000491
3201000 0.000411
3221000 0.000391
3241000 0.000401
3261000 0.000401
3281000 0.000381
3301000 0.000401
3321000 0.000491
3341000 0.000761
3361000 0.000420
3381000 0.000400
3401000 0.000420
3421000 0.000421
3441000 0.000391
3461000 0.000421
3481000 0.000421
3501000 0.000501
3521000 0.000401
3541000 0.000531
3561000 0.000391
3581000 0.000441
3601000 0.000480
3621000 0.000521
3641000 0.000371
3661000 0.000381
3681000 0.000391
3701000 0.000501
3721000 0.000341
3741000 0.000461
3761000 0.000361
3781000 0.000431
3801000 0.000441
3821000 0.000411
3841000 0.000391
3861000 0.000491
3881000 0.000371
3901000 0.000511
3921000 0.000521
3941000 0.000371
3961000 0.000311
3981000 0.000441
4001000 0.000381
4021000 0.000401
4041000 0.000401
4061000 0.000401
4081000 0.000421
4101000 0.000401
4121000 0.000351
4141000 0.000431
4161000 0.000451
4181000 0.000401
4201000 0.000651
4221000 0.000511
4241000 0.000420
4261000 0.000501
4281000 0.000401
4301000 0.000531
4321000 0.000341
4341000 0.000451
4361000 0.000401
4381000 0.000491
4401000 0.000401
4421000 0.000481
4441000 0.000401
4461000 0.000411
4481000 0.000812
4501000 0.000441
4521000 0.000551
4541000 0.000481
4561000 0.000511
4581000 0.000430
4601000 0.000771
4621000 0.000772
4641000 0.000551
4661000 0.000551
4681000 0.000862
4701000 0.000521
4721000 0.000601
4741000 0.000541
4761000 0.000441
4781000 0.000461
4801000 0.000320
4821000 0.000360
4841000 0.000321
4861000 0.000551
4881000 0.000380
4901000 0.000591
4921000 0.000531
4941000 0.000491
4961000 0.000461
4981000 0.000551
5001000 0.018696
5021000 0.001172
5041000 0.000861
5061000 0.003016
5081000 0.000672
5101000 0.000852
5121000 0.000801
5141000 0.000932
5161000 0.001413
5181000 0.000712
5201000 0.001022
5221000 0.000991
5241000 0.000871
5261000 0.000911
5281000 0.000862
5301000 0.000872
5321000 0.000972
5341000 0.001313
5361000 0.000731
5381000 0.001212
5401000 0.001302
5421000 0.001422
5441000 0.001122
5461000 0.001112
5481000 0.000772
5501000 0.000691
5521000 0.000852
5541000 0.001132
5561000 0.000862
5581000 0.003437
5601000 0.000871
5621000 0.000861
5641000 0.000611
5661000 0.000701
5681000 0.000572
5701000 0.000681
5721000 0.000571
5741000 0.001292
5761000 0.000672
5781000 0.000591
5801000 0.000872
5821000 0.000621
5841000 0.000642
5861000 0.000982
5881000 0.000661
5901000 0.002405
5921000 0.000702
5941000 0.000942
5961000 0.000691
5981000 0.000711
6001000 0.000571
6021000 0.000801
6041000 0.000652
6061000 0.000851
6081000 0.000781
6101000 0.002294
6121000 0.000752
6141000 0.001032
6161000 0.000992
6181000 0.001322
6201000 0.000671
6221000 0.000802
6241000 0.000722
6261000 0.000802
6281000 0.000761
6301000 0.000631
6321000 0.000661
6341000 0.001042
6361000 0.000641
6381000 0.000542
6401000 0.000641
6421000 0.000682
6441000 0.000751
6461000 0.000701
6481000 0.000672
6501000 0.000621
6521000 0.001082
6541000 0.000942
6561000 0.000651
6581000 0.000671
6601000 0.000701
6621000 0.002324
6641000 0.001212
6661000 0.000692
6681000 0.000631
6701000 0.000621
6721000 0.000661
6741000 0.000671
6761000 0.000771
6781000 0.000962
6801000 0.000962
6821000 0.001092
6841000 0.000632
6861000 0.000761
6881000 0.000581
6901000 0.000701
6921000 0.000561
6941000 0.000731
6961000 0.000661
6981000 0.001172
7001000 0.000611
7021000 0.000741
7041000 0.000671
7061000 0.000762
7081000 0.000671
7101000 0.000561
7121000 0.000701
7141000 0.002815
7161000 0.000782
7181000 0.000631
7201000 0.000772
7221000 0.000651
7241000 0.000711
7261000 0.000622
7281000 0.000551
7301000 0.000581
7321000 0.000591
7341000 0.000752
7361000 0.000621
7381000 0.000712
7401000 0.000551
7421000 0.000561
7441000 0.000622
7461000 0.000661
7481000 0.000601
7501000 0.000621
7521000 0.000781
7541000 0.000551
7561000 0.000671
7581000 0.000621
7601000 0.000711
7621000 0.000582
7641000 0.000571
7661000 0.000521
7681000 0.002826
7701000 0.000691
7721000 0.000772
7741000 0.000591
7761000 0.000642
7781000 0.000581
7801000 0.000591
7821000 0.000631
7841000 0.000671
7861000 0.000642
7881000 0.000912
7901000 0.000621
7921000 0.000652
7941000 0.000541
7961000 0.000621
7981000 0.000531
8001000 0.000611
8021000 0.000581
8041000 0.000561
8061000 0.000581
8081000 0.000631
8101000 0.000631
8121000 0.000902
8141000 0.000591
8161000 0.000621
8181000 0.000551
8201000 0.002184
8221000 0.000551
8241000 0.000591
8261000 0.000932
8281000 0.000642
8301000 0.000571
8321000 0.000601
8341000 0.000632
8361000 0.000561
8381000 0.000591
8401000 0.000612
8421000 0.000741
8441000 0.000632
8461000 0.000821
8481000 0.000701
8501000 0.000531
8521000 0.000622
8541000 0.000581
8561000 0.000641
8581000 0.000701
8601000 0.000611
8621000 0.000621
8641000 0.000691
8661000 0.001062
8681000 0.001062
8701000 0.000611
8721000 0.002564
8741000 0.000631
8761000 0.000812
8781000 0.000601
8801000 0.000792
8821000 0.000581
8841000 0.000581
8861000 0.000721
8881000 0.000661
8901000 0.000611
8921000 0.000631
8941000 0.000582
8961000 0.000611
8981000 0.000681
9001000 0.001092
9021000 0.000651
9041000 0.000751
9061000 0.000551
9081000 0.000572
9101000 0.000591
9121000 0.000491
9141000 0.000581
9161000 0.000652
9181000 0.000521
9201000 0.000882
9221000 0.000792
9241000 0.001873
9261000 0.000661
9281000 0.000742
9301000 0.000551
9321000 0.000621
9341000 0.000581
9361000 0.001202
9381000 0.001052
9401000 0.000571
9421000 0.001002
9441000 0.000581
9461000 0.000662
9481000 0.000691
9501000 0.000632
9521000 0.000721
9541000 0.000792
9561000 0.000541
9581000 0.000571
9601000 0.000721
9621000 0.000611
9641000 0.000621
9661000 0.000561
9681000 0.000571
9701000 0.000671
9721000 0.000581
9741000 0.000642
9761000 0.002264
9781000 0.003798
9801000 0.003166
9821000 0.003637
9841000 0.003597
9861000 0.004048
9881000 0.003547
9901000 0.003818
9921000 0.003737
9941000 0.004409
9961000 0.003226
9981000 0.004068
