   1000 0.000561
  21000 0.000601
  41000 0.000371
  61000 0.000561
  81000 0.000602
 101000 0.000641
 121000 0.000551
 141000 0.000682
 161000 0.000481
 181000 0.000732
 201000 0.000541
 221000 0.000671
 241000 0.000501
 261000 0.000602
 281000 0.000451
 301000 0.000641
 321000 0.000712
 341000 0.000501
 361000 0.000581
 381000 0.000551
 401000 0.000450
 421000 0.000481
 441000 0.000370
 461000 0.000641
 481000 0.000381
 501000 0.000601
 521000 0.000481
 541000 0.000551
 561000 0.000361
 581000 0.000561
 601000 0.000361
 621000 0.000491
 641000 0.000361
 661000 0.000391
 681000 0.000401
 701000 0.000451
 721000 0.000451
 741000 0.000852
 761000 0.000431
 781000 0.000381
 801000 0.000400
 821000 0.000491
 841000 0.000371
 861000 0.000481
 881000 0.000361
 901000 0.000511
 921000 0.000421
 941000 0.000501
 961000 0.000371
 981000 0.000491
1001000 0.000321
1021000 0.000471
1041000 0.000491
1061000 0.000551
1081000 0.000461
1101000 0.000561
1121000 0.000401
1141000 0.000501
1161000 0.000391
1181000 0.000491
1201000 0.000411
1221000 0.000501
1241000 0.000420
1261000 0.000471
1281000 0.000391
1301000 0.000431
1321000 0.000481
1341000 0.000411
1361000 0.000421
1381000 0.000481
1401000 0.000371
1421000 0.000511
1441000 0.000421
1461000 0.000401
1481000 0.000692
1501000 0.000391
1521000 0.000340
1541000 0.000470
1561000 0.000431
1581000 0.000471
1601000 0.000421
1621000 0.000431
1641000 0.000441
1661000 0.000471
1681000 0.000391
1701000 0.000431
1721000 0.000371
1741000 0.000371
1761000 0.000501
1781000 0.000411
1801000 0.000401
1821000 0.000401
1841000 0.000411
1861000 0.000411
1881000 0.000401
1901000 0.000481
1921000 0.000371
1941000 0.000491
1961000 0.000401
1981000 0.000481
2001000 0.000371
2021000 0.000451
2041000 0.000371
2061000 0.000531
2081000 0.000331
2101000 0.000481
2121000 0.000371
2141000 0.000511
2161000 0.000380
2181000 0.000411
2201000 0.000321
2221000 0.000391
2241000 0.000451
2261000 0.000441
2281000 0.000410
2301000 0.000420
2321000 0.000481
2341000 0.000461
2361000 0.000521
2381000 0.000441
2401000 0.000351
2421000 0.000651
2441000 0.000481
2461000 0.000531
2481000 0.000381
2501000 0.000390
2521000 0.000350
2541000 0.000430
2561000 0.000430
2581000 0.000381
2601000 0.000411
2621000 0.000441
2641000 0.000381
2661000 0.000381
2681000 0.000772
2701000 0.000411
2721000 0.000360
2741000 0.000491
2761000 0.000491
2781000 0.000391
2801000 0.000551
2821000 0.000421
2841000 0.000371
2861000 0.000381
2881000 0.000391
2901000 0.000401
2921000 0.000391
2941000 0.000451
2961000 0.000441
2981000 0.000651
3001000 0.000361
3021000 0.000411
3041000 0.000390
3061000 0.000380
3081000 0.000370
3101000 0.000410
3121000 0.000370
3141000 0.000421
3161000 0.000431
3181000 0.000421
3201000 0.000391
3221000 0.000431
3241000 0.000381
3261000 0.000591
3281000 0.000441
3301000 0.000461
3321000 0.000411
3341000 0.000551
3361000 0.000551
3381000 0.000421
3401000 0.000431
3421000 0.000401
3441000 0.000381
3461000 0.000341
3481000 0.000451
3501000 0.000391
3521000 0.000401
3541000 0.000631
3561000 0.000291
3581000 0.000401
3601000 0.000371
3621000 0.000441
3641000 0.000320
3661000 0.000410
3681000 0.000360
3701000 0.000370
3721000 0.000320
3741000 0.000381
3761000 0.000341
3781000 0.000411
3801000 0.000291
3821000 0.000401
3841000 0.000381
3861000 0.000641
3881000 0.000311
3901000 0.000421
3921000 0.000381
3941000 0.000381
3961000 0.000290
3981000 0.000410
4001000 0.000360
4021000 0.000411
4041000 0.000351
4061000 0.000391
4081000 0.000371
4101000 0.000391
4121000 0.000321
4141000 0.000381
4161000 0.000371
4181000 0.000561
4201000 0.000381
4221000 0.000451
4241000 0.000431
4261000 0.000421
4281000 0.000401
4301000 0.000451
4321000 0.000371
4341000 0.000431
4361000 0.000421
4381000 0.000441
4401000 0.000371
4421000 0.000451
4441000 0.000401
4461000 0.000401
4481000 0.000461
4501000 0.000391
4521000 0.000421
4541000 0.000351
4561000 0.000371
4581000 0.000361
4601000 0.000321
4621000 0.000381
4641000 0.000270
4661000 0.000391
4681000 0.000331
4701000 0.000361
4721000 0.000391
4741000 0.000411
4761000 0.000411
4781000 0.000381
4801000 0.000471
4821000 0.000361
4841000 0.000320
4861000 0.000450
4881000 0.000370
4901000 0.000350
4921000 0.000291
4941000 0.000381
4961000 0.000321
4981000 0.000421
5001000 0.014708
5021000 0.000742
5041000 0.000781
5061000 0.000671
5081000 0.000661
5101000 0.000722
5121000 0.001944
5141000 0.000672
5161000 0.000601
5181000 0.000581
5201000 0.000831
5221000 0.000632
5241000 0.000601
5261000 0.000702
5281000 0.000641
5301000 0.000541
5321000 0.000571
5341000 0.000561
5361000 0.000571
5381000 0.000601
5401000 0.002765
5421000 0.000702
5441000 0.000641
5461000 0.000652
5481000 0.000681
5501000 0.000581
5521000 0.001242
5541000 0.000732
5561000 0.002875
5581000 0.000661
5601000 0.001272
5621000 0.000821
5641000 0.000672
5661000 0.001062
5681000 0.000812
5701000 0.000882
5721000 0.000722
5741000 0.000561
5761000 0.000641
5781000 0.000612
5801000 0.000561
5821000 0.000701
5841000 0.001032
5861000 0.000561
5881000 0.000551
5901000 0.000581
5921000 0.000621
5941000 0.002735
5961000 0.000822
5981000 0.000952
6001000 0.000631
6021000 0.000731
6041000 0.000962
6061000 0.000602
6081000 0.001192
6101000 0.000672
6121000 0.000551
6141000 0.000591
6161000 0.000892
6181000 0.000622
6201000 0.000531
6221000 0.000561
6241000 0.000652
6261000 0.000551
6281000 0.000561
6301000 0.000601
6321000 0.000681
6341000 0.000752
6361000 0.000781
6381000 0.000741
6401000 0.000621
6421000 0.000642
6441000 0.000801
6461000 0.003376
6481000 0.000792
6501000 0.001092
6521000 0.000702
6541000 0.000761
6561000 0.000701
6581000 0.000772
6601000 0.000581
6621000 0.000782
6641000 0.000541
6661000 0.000862
6681000 0.000661
6701000 0.001323
6721000 0.000732
6741000 0.000701
6761000 0.000671
6781000 0.000571
6801000 0.000652
6821000 0.000892
6841000 0.000972
6861000 0.000871
6881000 0.000761
6901000 0.000682
6921000 0.000571
6941000 0.000641
6961000 0.000701
6981000 0.002845
7001000 0.000681
7021000 0.000812
7041000 0.000701
7061000 0.000812
7081000 0.000972
7101000 0.000682
7121000 0.000661
7141000 0.000822
7161000 0.000621
7181000 0.000792
7201000 0.000561
7221000 0.000712
7241000 0.001272
7261000 0.009508
7281000 0.000651
7301000 0.001022
7321000 0.001052
7341000 0.000621
7361000 0.000982
7381000 0.000932
7401000 0.001072
7421000 0.000721
7441000 0.001092
7461000 0.001363
7481000 0.000882
7501000 0.003707
7521000 0.001493
7541000 0.001483
7561000 0.001092
7581000 0.001142
7601000 0.000872
7621000 0.000701
7641000 0.001402
7661000 0.000982
7681000 0.000651
7701000 0.000952
7721000 0.000882
7741000 0.000742
7761000 0.000831
7781000 0.000911
7801000 0.000641
7821000 0.001303
7841000 0.000571
7861000 0.000722
7881000 0.000591
7901000 0.000521
7921000 0.000531
7941000 0.000551
7961000 0.000531
7981000 0.000511
8001000 0.000531
8021000 0.002555
8041000 0.000421
8061000 0.000581
8081000 0.000500
8101000 0.000581
8121000 0.000541
8141000 0.000501
8161000 0.000481
8181000 0.000481
8201000 0.000912
8221000 0.000581
8241000 0.000481
8261000 0.000480
8281000 0.000501
8301000 0.000571
8321000 0.000501
8341000 0.000601
8361000 0.000621
8381000 0.000521
8401000 0.000551
8421000 0.000521
8441000 0.000491
8461000 0.000661
8481000 0.000541
8501000 0.000841
8521000 0.000562
8541000 0.000451
8561000 0.002665
8581000 0.000451
8601000 0.000471
8621000 0.000471
8641000 0.000862
8661000 0.000601
8681000 0.000501
8701000 0.000521
8721000 0.000511
8741000 0.000541
8761000 0.000531
8781000 0.000551
8801000 0.000411
8821000 0.000471
8841000 0.000521
8861000 0.000581
8881000 0.000581
8901000 0.049194
8921000 0.000942
8941000 0.000962
8961000 0.000831
8981000 0.000772
9001000 0.000731
9021000 0.001022
9041000 0.000892
9061000 0.001172
9081000 0.004699
9101000 0.000802
9121000 0.001343
9141000 0.000772
9161000 0.000801
9181000 0.000772
9201000 0.000782
9221000 0.000932
9241000 0.000892
9261000 0.000631
9281000 0.001162
9301000 0.000982
9321000 0.000772
9341000 0.001152
9361000 0.000611
9381000 0.000982
9401000 0.001362
9421000 0.001122
9441000 0.000691
9461000 0.002134
9481000 0.000762
9501000 0.000591
9521000 0.001092
9541000 0.000721
9561000 0.000721
9581000 0.000661
9601000 0.003276
9621000 0.003938
9641000 0.004639
9661000 0.004539
9681000 0.005049
9701000 0.004117
9721000 0.005210
9741000 0.003987
9761000 0.003677
9781000 0.003937
9801000 0.003536
9821000 0.004268
9841000 0.003968
9861000 0.004078
9881000 0.004358
9901000 0.003878
9921000 0.004328
9941000 0.004980
9961000 0.003637
9981000 0.004469
