1000	0.00060830
21000	0.00083760
41000	0.00053100
61000	0.00070730
81000	0.00068720
101000	0.00080140
121000	0.00052710
141000	0.00067930
161000	0.00058920
181000	0.00073770
201000	0.00049700
221000	0.00072130
241000	0.00056900
261000	0.00079070
281000	0.00059130
301000	0.00070530
321000	0.00059020
341000	0.00059320
361000	0.00063310
381000	0.00071110
401000	0.00053890
421000	0.00062510
441000	0.00058110
461000	0.00075350
481000	0.00057990
501000	0.00067720
521000	0.00048200
541000	0.00064130
561000	0.00048800
581000	0.00062620
601000	0.00053920
621000	0.00070940
641000	0.00047280
661000	0.00058210
681000	0.00046090
701000	0.00064720
721000	0.00042890
741000	0.00058320
761000	0.00053700
781000	0.00059630
801000	0.00050280
821000	0.00060120
841000	0.00048890
861000	0.00068830
881000	0.00050710
901000	0.00055300
921000	0.00055020
941000	0.00058110
961000	0.00043880
981000	0.00066140
1001000	0.00046390
1021000	0.00058310
1041000	0.00041880
1061000	0.00058410
1081000	0.00044390
1101000	0.00058590
1121000	0.00049090
1141000	0.00054380
1161000	0.00046580
1181000	0.00053000
1201000	0.00045700
1221000	0.00053490
1241000	0.00053100
1261000	0.00062530
1281000	0.00047600
1301000	0.00062610
1321000	0.00044480
1341000	0.00061530
1361000	0.00051010
1381000	0.00055310
1401000	0.00049800
1421000	0.00056120
1441000	0.00053190
1461000	0.00064440
1481000	0.00048490
1501000	0.00055120
1521000	0.00044480
1541000	0.00050570
1561000	0.00039960
1581000	0.00056290
1601000	0.00046660
1621000	0.00050800
1641000	0.00044670
1661000	0.00053810
1681000	0.00043380
1701000	0.00054900
1721000	0.00051400
1741000	0.00055420
1761000	0.00050380
1781000	0.00054390
1801000	0.00050300
1821000	0.00056620
1841000	0.00042890
1861000	0.00059210
1881000	0.00039250
1901000	0.00056810
1921000	0.00046710
1941000	0.00050500
1961000	0.00046310
1981000	0.00056210
2001000	0.00047910
2021000	0.00053280
2041000	0.00045980
2061000	0.00061720
2081000	0.00048690
2101000	0.00055590
2121000	0.00044800
2141000	0.00060420
2161000	0.00048990
2181000	0.00053110
2201000	0.00047100
2221000	0.00053800
2241000	0.00051000
2261000	0.00058310
2281000	0.00041780
2301000	0.00056590
2321000	0.00047790
2341000	0.00057620
2361000	0.00047300
2381000	0.00047700
2401000	0.00049400
2421000	0.00050100
2441000	0.00059400
2461000	0.00045980
2481000	0.00044970
2501000	0.00053790
2521000	0.00042670
2541000	0.00060600
2561000	0.00045580
2581000	0.00056680
2601000	0.00042990
2621000	0.00051500
2641000	0.00056220
2661000	0.00052110
2681000	0.00055310
2701000	0.00052120
2721000	0.00042990
2741000	0.00050000
2761000	0.00043580
2781000	0.00047690
2801000	0.00056520
2821000	0.00052810
2841000	0.00051110
2861000	0.00052190
2881000	0.00047480
2901000	0.00053810
2921000	0.00043090
2941000	0.00052920
2961000	0.00043700
2981000	0.00054700
3001000	0.00043860
3021000	0.00049900
3041000	0.00043770
3061000	0.00045470
3081000	0.00051590
3101000	0.00045780
3121000	0.00047500
3141000	0.00049620
3161000	0.00047800
3181000	0.00051520
3201000	0.00043600
3221000	0.00048500
3241000	0.00037960
3261000	0.00050700
3281000	0.00040190
3301000	0.00052510
3321000	0.00040590
3341000	0.00054800
3361000	0.00044380
3381000	0.00051100
3401000	0.00043400
3421000	0.00054600
3441000	0.00038470
3461000	0.00052100
3481000	0.00046590
3501000	0.00045390
3521000	0.00039080
3541000	0.00054310
3561000	0.00034970
3581000	0.00049900
3601000	0.00039870
3621000	0.00051990
3641000	0.00037370
3661000	0.00048690
3681000	0.00044580
3701000	0.00045390
3721000	0.00035170
3741000	0.00047610
3761000	0.00037760
3781000	0.00051200
3801000	0.00040170
3821000	0.00047380
3841000	0.00039570
3861000	0.00046170
3881000	0.00043660
3901000	0.00045770
3921000	0.00038370
3941000	0.00043800
3961000	0.00037760
3981000	0.00055400
4001000	0.00042990
4021000	0.00044610
4041000	0.00042060
4061000	0.00046690
4081000	0.00041100
4101000	0.00054630
4121000	0.00036170
4141000	0.00043780
4161000	0.00043900
4181000	0.00051710
4201000	0.00044400
4221000	0.00047400
4241000	0.00043180
4261000	0.00048800
4281000	0.00038580
4301000	0.00046200
4321000	0.00037370
4341000	0.00043890
4361000	0.00044180
4381000	0.00046090
4401000	0.00035650
4421000	0.00049780
4441000	0.00041970
4461000	0.00045990
4481000	0.00040790
4501000	0.00043490
4521000	0.00044990
4541000	0.00044490
4561000	0.00041990
4581000	0.00044890
4601000	0.00047000
4621000	0.00052610
4641000	0.00037760
4661000	0.00051220
4681000	0.00044890
4701000	0.00051400
4721000	0.00046580
4741000	0.00053090
4761000	0.00043970
4781000	0.00051710
4801000	0.00038280
4821000	0.00046200
4841000	0.00040070
4861000	0.00047690
4881000	0.00041170
4901000	0.00047590
4921000	0.00044080
4941000	0.00048000
4961000	0.00037590
4981000	0.00050500
5001000	0.01288370
5021000	0.00120130
5041000	0.00118920
5061000	0.00114200
5081000	0.00116430
5101000	0.00103020
5121000	0.00092490
5141000	0.00107530
5161000	0.00147870
5181000	0.00113350
5201000	0.00130250
5221000	0.00128650
5241000	0.00089950
5261000	0.00096180
5281000	0.00092480
5301000	0.00094070
5321000	0.00086270
5341000	0.00115630
5361000	0.00085460
5381000	0.00122220
5401000	0.00117810
5421000	0.00091190
5441000	0.00083560
5461000	0.00153110
5481000	0.00082870
5501000	0.00109110
5521000	0.00117120
5541000	0.00092390
5561000	0.00112500
5581000	0.00152400
5601000	0.00085060
5621000	0.00091280
5641000	0.00081260
5661000	0.00113520
5681000	0.00117330
5701000	0.00085660
5721000	0.00105110
5741000	0.00148720
5761000	0.00077430
5781000	0.00067330
5801000	0.00080470
5821000	0.00066110
5841000	0.00082780
5861000	0.00075250
5881000	0.00078450
5901000	0.00204190
5921000	0.00073330
5941000	0.00098270
5961000	0.00073360
5981000	0.00101080
6001000	0.00069340
6021000	0.00106790
6041000	0.00080660
6061000	0.00075950
6081000	0.00082550
6101000	0.00120320
6121000	0.00079960
6141000	0.00075450
6161000	0.00077350
6181000	0.00083870
6201000	0.00089560
6221000	0.00140060
6241000	0.00072040
6261000	0.00127340
6281000	0.00075070
6301000	0.00074630
6321000	0.00075230
6341000	0.00075340
6361000	0.00074630
6381000	0.00076150
6401000	0.00069620
6421000	0.00072240
6441000	0.00097190
6461000	0.00098470
6481000	0.00071040
6501000	0.00104190
6521000	0.00080370
6541000	0.00090260
6561000	0.00079770
6581000	0.00073630
6601000	0.00071820
6621000	0.00110720
6641000	0.00076470
6661000	0.00076050
6681000	0.00070620
6701000	0.00076160
6721000	0.00075730
6741000	0.00103590
6761000	0.00078420
6781000	0.00153280
6801000	0.00070530
6821000	0.00076650
6841000	0.00072160
6861000	0.00074330
6881000	0.00099590
6901000	0.00082170
6921000	0.00069830
6941000	0.00071850
6961000	0.00099080
6981000	0.00098680
7001000	0.00066730
7021000	0.00096680
7041000	0.00080460
7061000	0.00102300
7081000	0.00081170
7101000	0.00075040
7121000	0.00072040
7141000	0.00111620
7161000	0.00073240
7181000	0.00074960
7201000	0.00071340
7221000	0.00066340
7241000	0.00073430
7261000	0.00168830
7281000	0.00070810
7301000	0.00141240
7321000	0.00074130
7341000	0.00067110
7361000	0.00071660
7381000	0.00078940
7401000	0.00071230
7421000	0.00067130
7441000	0.00082060
7461000	0.00088260
7481000	0.00097510
7501000	0.00099590
7521000	0.00082780
7541000	0.00093570
7561000	0.00078050
7581000	0.00081550
7601000	0.00090070
7621000	0.00070550
7641000	0.00074230
7661000	0.00108910
7681000	0.00088760
7701000	0.00066920
7721000	0.00078450
7741000	0.00067130
7761000	0.00073010
7781000	0.00092970
7801000	0.00060610
7821000	0.00106780
7841000	0.00114220
7861000	0.00076250
7881000	0.00068330
7901000	0.00066110
7921000	0.00071850
7941000	0.00071950
7961000	0.00067320
7981000	0.00067440
8001000	0.00106190
8021000	0.00094870
8041000	0.00066820
8061000	0.00072750
8081000	0.00090060
8101000	0.00071940
8121000	0.00098290
8141000	0.00065620
8161000	0.00068830
8181000	0.00069140
8201000	0.00104030
8221000	0.00077540
8241000	0.00063940
8261000	0.00073030
8281000	0.00063650
8301000	0.00066930
8321000	0.00083160
8341000	0.00089970
8361000	0.00128330
8381000	0.00069530
8401000	0.00067730
8421000	0.00070830
8441000	0.00066510
8461000	0.00072020
8481000	0.00067440
8501000	0.00068210
8521000	0.00094400
8541000	0.00063420
8561000	0.00095770
8581000	0.00068020
8601000	0.00082350
8621000	0.00069560
8641000	0.00088960
8661000	0.00072540
8681000	0.00075840
8701000	0.00069330
8721000	0.00111510
8741000	0.00067040
8761000	0.00067640
8781000	0.00066620
8801000	0.00061930
8821000	0.00067030
8841000	0.00090180
8861000	0.00071030
8881000	0.00149600
8901000	0.00548330
8921000	0.00069750
8941000	0.00072140
8961000	0.00074740
8981000	0.00077360
9001000	0.00081950
9021000	0.00074340
9041000	0.00079730
9061000	0.00108300
9081000	0.00106710
9101000	0.00068450
9121000	0.00101890
9141000	0.00067730
9161000	0.00092770
9181000	0.00076260
9201000	0.00085760
9221000	0.00080680
9241000	0.00109100
9261000	0.00072120
9281000	0.00078450
9301000	0.00077950
9321000	0.00068540
9341000	0.00073150
9361000	0.00095780
9381000	0.00081840
9401000	0.00174550
9421000	0.00097880
9441000	0.00082060
9461000	0.00086870
9481000	0.00073540
9501000	0.00081960
9521000	0.00077130
9541000	0.00073040
9561000	0.00077560
9581000	0.00100880
9601000	0.00130050
9621000	0.00145070
9641000	0.00182250
9661000	0.00173530
9681000	0.00193270
9701000	0.00204380
9721000	0.00233440
9741000	0.00211610
9761000	0.00240270
9781000	0.00283930
9801000	0.00253980
9821000	0.00293060
9841000	0.00264110
9861000	0.00280640
9881000	0.00280540
9901000	0.00294090
9921000	0.00335330
9941000	0.00473820
9961000	0.00923170
9981000	0.00456400