   1000 0.002264
  21000 0.044075
  41000 0.079953
  61000 0.129678
  81000 0.173592
 101000 0.199371
 121000 0.237615
 141000 0.274535
 161000 0.313459
 181000 0.386108
 201000 0.432647
 221000 0.432877
 241000 0.483946
 261000 0.544411
 281000 0.630034
 301000 0.647358
 321000 0.668197
 341000 0.706641
 361000 0.767097
 381000 0.822192
 401000 0.854885
 421000 0.845837
 441000 1.072601
 461000 1.030570
 481000 1.022084
 501000 0.995523
 521000 1.056510
 541000 1.095724
 561000 1.211496
 581000 1.243397
 601000 1.249899
 621000 1.324673
 641000 1.259388
 661000 1.337037
 681000 1.365601
 701000 1.675082
 721000 1.593947
 741000 1.559441
 761000 1.556636
 781000 1.548711
 801000 1.665735
 821000 1.735849
 841000 1.836221
 861000 1.817284
 881000 1.879614
 901000 1.958394
 921000 1.901315
 941000 2.005114
 961000 1.983002
 981000 1.938185
1001000 2.087150
1021000 2.295940
1041000 2.276152
1061000 2.317391
1081000 2.171371
1101000 2.313854
1121000 2.405519
1141000 2.474822
1161000 2.412142
1181000 2.507444
1201000 2.608847
1221000 2.592897
1241000 2.572048
1261000 2.602455
1281000 2.765216
1301000 2.758114
1321000 2.753374
1341000 2.796116
1361000 2.811696
1381000 2.929530
1401000 2.950902
1421000 3.916171
1441000 4.673966
1461000 4.221611
1481000 3.333063
1501000 4.152395
1521000 4.925437
1541000 4.116620
1561000 3.493610
1581000 3.371025
1601000 3.349995
1621000 3.427073
1641000 3.422563
1661000 3.633267
1681000 3.513347
1701000 3.532053
1721000 4.824327
1741000 5.578415
1761000 4.712640
1781000 3.728909
1801000 3.810967
1821000 3.858076
1841000 3.866231
1861000 3.853066
1881000 3.852405
1901000 4.159673
1921000 4.258188
1941000 4.110469
1961000 4.128303
1981000 4.521925
2001000 4.192766
2021000 4.416844
2041000 4.369834
2061000 4.293088
2081000 4.300832
2101000 4.517156
2121000 5.839944
2141000 6.715259
2161000 4.826217
2181000 4.640412
2201000 4.569737
2221000 4.665560
2241000 4.798494
2261000 4.807281
2281000 4.793224
2301000 4.980071
2321000 5.592373
2341000 6.975827
2361000 5.594155
2381000 5.068951
2401000 4.928282
2421000 5.941459
2441000 5.134787
2461000 5.075143
2481000 5.313078
2501000 5.241802
2521000 5.368784
2541000 6.057901
2561000 8.568001
2581000 6.374226
2601000 5.823984
2621000 5.581110
2641000 5.591881
2661000 5.641847
2681000 5.592042
2701000 5.720066
2721000 5.684829
2741000 5.689126
2761000 5.840807
2781000 5.876415
2801000 6.022133
2821000 6.003138
2841000 5.927282
2861000 6.087459
2881000 5.968871
2901000 6.318514
2921000 9.538146
2941000 6.777508
2961000 6.317478
2981000 6.303281
3001000 8.125321
3021000 8.241657
3041000 9.473135
3061000 8.048497
3081000 6.685309
3101000 6.496290
3121000 7.210959
3141000 6.602052
3161000 6.905670
3181000 6.740217
3201000 6.849896
3221000 6.979915
3241000 6.828475
3261000 7.144522
3281000 6.840769
3301000 7.767317
3321000 6.931712
3341000 7.910767
3361000 7.224643
3381000 7.167202
3401000 7.202460
3421000 7.273736
3441000 8.025954
3461000 7.694681
3481000 7.523955
3501000 7.220254
3521000 7.424174
3541000 7.493707
3561000 7.712893
3581000 7.687588
3601000 8.135394
3621000 7.659905
3641000 8.077997
3661000 7.683841
3681000 8.277044
3701000 7.927537
3721000 9.117959
3741000 10.520574
3761000 7.946573
3781000 7.701424
3801000 8.171884
3821000 8.097261
3841000 8.209114
3861000 7.892099
3881000 8.034411
3901000 8.141546
3921000 11.701256
3941000 9.248039
3961000 8.241166
3981000 8.508316
4001000 8.490383
4021000 8.492948
4041000 8.568552
4061000 8.646200
4081000 8.671442
4101000 8.505381
4121000 9.010243
4141000 8.891730
4161000 8.962956
4181000 8.984527
4201000 10.305893
4221000 11.167019
4241000 11.829456
4261000 9.277518
4281000 9.166956
4301000 9.048630
4321000 9.098855
4341000 9.342502
4361000 9.265294
4381000 9.208025
4401000 9.528317
4421000 9.333495
4441000 9.434648
4461000 9.806438
4481000 9.345898
4501000 9.597910
4521000 11.633336
4541000 11.984052
4561000 10.408159
4581000 9.839752
4601000 9.552683
4621000 9.894217
4641000 10.146757
4661000 9.662233
4681000 10.137892
4701000 9.837598
4721000 10.229550
4741000 10.230596
4761000 10.111401
4781000 10.125378
4801000 10.109599
4821000 10.151679
4841000 18.406982
4861000 17.066057
4881000 10.986515
4901000 10.550852
4921000 10.472172
4941000 10.277048
4961000 10.471300
4981000 10.665882
5001000 10.717841
5021000 10.727650
5041000 10.772365
5061000 10.790571
5081000 11.034927
5101000 11.639474
5121000 13.930964
5141000 10.895009
5161000 11.317968
5181000 11.825622
5201000 11.010150
5221000 12.501448
5241000 11.476033
5261000 11.172721
5281000 11.555139
5301000 11.296498
5321000 11.170777
5341000 11.488515
5361000 11.430434
5381000 11.797866
5401000 11.299063
5421000 12.567981
5441000 12.461825
5461000 12.787589
5481000 12.554572
5501000 14.589731
5521000 12.141974
5541000 12.105163
5561000 12.235823
5581000 12.312881
5601000 15.035545
5621000 12.638403
5641000 12.595531
5661000 12.531538
5681000 12.336526
5701000 12.290117
5721000 12.041482
5741000 12.315966
5761000 12.462738
5781000 12.488366
5801000 12.833741
5821000 16.655523
5841000 12.878279
5861000 15.807772
5881000 12.596432
5901000 12.507392
5921000 12.550134
5941000 12.917276
5961000 12.658060
5981000 12.710671
6001000 17.419878
6021000 13.696657
6041000 13.902136
6061000 13.813312
6081000 13.676034
6101000 14.762874
6121000 15.795032
6141000 13.942025
6161000 13.843758
6181000 14.957416
6201000 17.105620
6221000 13.771650
6241000 16.468095
6261000 14.917191
6281000 13.688621
6301000 13.608718
6321000 13.988126
6341000 14.905975
6361000 14.685797
6381000 15.032801
6401000 17.408292
6421000 13.712477
6441000 13.823278
6461000 13.551188
6481000 17.474530
6501000 13.854278
6521000 14.114585
6541000 17.466963
6561000 13.803791
6581000 13.780166
6601000 14.225647
6621000 13.899454
6641000 14.037087
6661000 14.314928
6681000 14.421602
6701000 13.914763
6721000 19.041435
6741000 17.614066
6761000 15.003696
6781000 15.907071
6801000 14.639800
6821000 14.539338
6841000 19.976123
6861000 15.508754
6881000 15.709124
6901000 15.719504
6921000 15.563062
6941000 15.726597
6961000 17.793689
6981000 14.880811
7001000 14.613409
7021000 15.146983
7041000 19.474252
7061000 17.469847
7081000 19.264044
7101000 17.405768
7121000 15.853250
7141000 16.066297
7161000 16.161639
7181000 15.889205
7201000 16.313812
7221000 16.555883
7241000 17.384427
7261000 17.197256
7281000 15.712740
7301000 15.836077
7321000 16.403955
7341000 19.474019
7361000 15.489925
7381000 15.794678
7401000 15.925878
7421000 15.638389
7441000 16.503623
7461000 20.313780
7481000 16.342555
7501000 16.654251
7521000 17.677528
7541000 17.324512
7561000 16.874018
7581000 16.620135
7601000 17.688261
7621000 26.392617
7641000 17.140530
7661000 17.495649
7681000 16.346472
7701000 16.450462
7721000 16.412128
7741000 16.941961
7761000 19.060020
7781000 17.086287
7801000 17.577898
7821000 22.438460
7841000 20.847978
7861000 17.634909
7881000 21.238872
7901000 17.674672
7921000 17.968728
7941000 22.927130
7961000 16.952511
7981000 17.631910
8001000 16.914849
8021000 18.308945
8041000 17.058614
8061000 21.029177
8081000 17.799313
8101000 22.331843
8121000 17.477505
8141000 18.117909
8161000 18.357867
8181000 22.657168
8201000 24.139282
8221000 20.126077
8241000 18.017321
8261000 22.678348
8281000 20.015157
8301000 18.949549
8321000 19.202473
8341000 21.100522
8361000 18.629978
8381000 22.165534
8401000 17.887007
8421000 21.174474
8441000 21.932325
8461000 18.938739
8481000 19.277696
8501000 20.728417
8521000 18.389088
8541000 18.645090
8561000 19.269751
8581000 26.305710
8601000 22.121547
8621000 22.263355
8641000 21.354504
8661000 21.435642
8681000 20.947931
8701000 18.713888
8721000 20.600479
8741000 20.849312
8761000 19.541681
8781000 20.465588
8801000 22.341651
8821000 21.378274
8841000 19.750830
8861000 18.869736
8881000 23.062155
8901000 19.623495
8921000 19.753328
8941000 21.575596
8961000 19.317392
8981000 19.373550
9001000 20.529339
9021000 19.650088
9041000 19.695055
9061000 20.445880
9081000 20.475617
9101000 20.052277
9121000 21.741698
9141000 21.638172
9161000 19.942955
9181000 19.711176
9201000 24.747674
9221000 19.397235
9241000 20.915778
9261000 23.435757
9281000 20.177997
9301000 22.012555
9321000 19.801498
9341000 20.734582
9361000 20.366498
9381000 24.654189
9401000 20.453294
9421000 24.409796
9441000 23.229475
9461000 26.854874
9481000 21.480809
9501000 21.952477
9521000 21.618485
9541000 21.494856
9561000 21.442125
9581000 21.455397
9601000 27.127688
9621000 24.067450
9641000 21.702642
9661000 20.648828
9681000 20.600195
9701000 20.711899
9721000 24.373180
9741000 20.361329
9761000 20.494343
9781000 24.596344
9801000 20.704645
9821000 20.467992
9841000 20.863088
9861000 24.296663
9881000 20.891392
9901000 21.586912
9921000 20.879950
9941000 20.949606
9961000 21.615854
9981000 21.318328
