   1000 0.003066
  21000 0.050055
  41000 0.096695
  61000 0.145909
  81000 0.189402
 101000 0.234108
 121000 0.254176
 141000 0.294103
 161000 0.332415
 181000 0.414372
 201000 0.457184
 221000 0.469889
 241000 0.561003
 261000 0.593325
 281000 0.605558
 301000 0.643039
 321000 0.687153
 341000 0.800611
 361000 0.821240
 381000 0.822112
 401000 0.840918
 421000 0.929978
 441000 1.157162
 461000 1.198351
 481000 1.362456
 501000 1.140791
 521000 1.164657
 541000 1.161310
 561000 1.230342
 581000 1.285116
 601000 1.390248
 621000 1.517291
 641000 1.597885
 661000 1.656958
 681000 1.862121
 701000 1.913568
 721000 1.911023
 741000 2.015163
 761000 1.900694
 781000 1.972141
 801000 1.831272
 821000 1.903509
 841000 2.003941
 861000 1.992019
 881000 2.031354
 901000 2.280520
 921000 2.198403
 941000 2.266654
 961000 2.277705
 981000 2.362739
1001000 2.682789
1021000 2.573309
1041000 2.623536
1061000 2.726864
1081000 2.747553
1101000 2.934431
1121000 3.158860
1141000 2.977703
1161000 3.028400
1181000 3.137639
1201000 3.304368
1221000 3.310389
1241000 3.275723
1261000 3.350125
1281000 3.450938
1301000 3.391895
1321000 3.316120
1341000 3.419507
1361000 3.439766
1381000 3.364873
1401000 3.769437
1421000 3.611394
1441000 3.552462
1461000 3.811827
1481000 3.791058
1501000 3.862344
1521000 3.781921
1541000 3.882132
1561000 4.049402
1581000 3.890629
1601000 3.630581
1621000 3.993596
1641000 4.130648
1661000 4.063840
1681000 4.001440
1701000 4.093547
1721000 4.529067
1741000 4.390955
1761000 4.567422
1781000 4.477240
1801000 4.303007
1821000 3.893885
1841000 3.961234
1861000 4.094529
1881000 4.728300
1901000 4.661432
1921000 4.644470
1941000 6.072574
1961000 6.773761
1981000 5.138755
2001000 4.278580
2021000 4.245116
2041000 4.373251
2061000 4.872626
2081000 5.544431
2101000 5.736979
2121000 6.502969
2141000 6.818817
2161000 5.237613
2181000 4.592020
2201000 4.657464
2221000 4.634410
2241000 4.823753
2261000 4.745743
2281000 4.718581
2301000 4.876784
2321000 4.883196
2341000 4.876724
2361000 6.235222
2381000 7.429855
2401000 5.450561
2421000 5.191195
2441000 5.158462
2461000 5.211073
2481000 5.256149
2501000 5.258654
2521000 5.276297
2541000 5.502841
2561000 5.379515
2581000 5.495837
2601000 6.205996
2621000 5.955396
2641000 6.116915
2661000 5.643710
2681000 5.751456
2701000 5.925509
2721000 5.981185
2741000 6.014929
2761000 6.103369
2781000 6.128547
2801000 6.232115
2821000 6.208961
2841000 6.634314
2861000 7.368698
2881000 6.734435
2901000 6.844276
2921000 6.585641
2941000 6.709899
2961000 6.689059
2981000 6.722803
3001000 6.826932
3021000 6.770815
3041000 6.916273
3061000 6.858613
3081000 6.959636
3101000 7.117488
3121000 6.926653
3141000 7.104924
3161000 7.233750
3181000 7.122046
3201000 7.227438
3221000 7.428472
3241000 7.810613
3261000 7.625379
3281000 7.697437
3301000 7.698980
3321000 7.614488
3341000 7.701815
3361000 7.711032
3381000 7.868574
3401000 7.800614
3421000 7.822035
3441000 8.220390
3461000 8.258346
3481000 8.883815
3501000 8.673062
3521000 7.793851
3541000 7.925813
3561000 8.677029
3581000 9.140505
3601000 9.167908
3621000 8.849710
3641000 8.156194
3661000 8.375596
3681000 8.348942
3701000 8.523185
3721000 8.374181
3741000 9.828571
3761000 10.116037
3781000 9.098485
3801000 9.541032
3821000 9.843199
3841000 9.346680
3861000 9.366527
3881000 9.353994
3901000 9.449306
3921000 9.553756
3941000 10.204240
3961000 10.745127
3981000 9.075180
4001000 9.950070
4021000 9.878226
4041000 10.286106
4061000 10.440120
4081000 10.383732
4101000 10.430041
4121000 10.438731
4141000 9.389401
4161000 9.450307
4181000 9.702680
4201000 9.522717
4221000 9.575347
4241000 9.610805
4261000 10.679063
4281000 11.090728
4301000 11.381907
4321000 10.756244
4341000 11.149250
4361000 11.953399
4381000 11.433670
4401000 11.092627
4421000 11.414643
4441000 10.957710
4461000 11.861608
4481000 11.915450
4501000 11.822593
4521000 11.763731
4541000 11.395127
4561000 11.918790
4581000 10.746242
4601000 10.261248
4621000 10.278200
4641000 10.345730
4661000 10.228777
4681000 10.305423
4701000 10.347303
4721000 10.408179
4741000 10.598433
4761000 10.630194
4781000 10.487712
4801000 10.664519
4821000 10.611147
4841000 10.776042
4861000 10.754060
4881000 10.775701
4901000 10.816971
4921000 11.030639
4941000 10.916751
4961000 10.931610
4981000 10.958852
5001000 12.249008
5021000 11.887798
5041000 11.711992
5061000 11.388854
5081000 11.314061
5101000 11.289063
5121000 11.266250
5141000 10.874441
5161000 10.892295
5181000 10.959453
5201000 11.765186
5221000 11.221534
5241000 11.839114
5261000 13.551529
5281000 12.881177
5301000 11.946320
5321000 12.025791
5341000 12.010219
5361000 12.240875
5381000 13.845819
5401000 12.453901
5421000 12.526369
5441000 12.487314
5461000 12.634446
5481000 12.583698
5501000 12.290137
5521000 12.361503
5541000 13.685294
5561000 13.253219
5581000 13.182553
5601000 13.782731
5621000 12.427259
5641000 13.103825
5661000 12.927095
5681000 13.240555
5701000 13.099425
5721000 13.009022
5741000 15.297874
5761000 13.927207
5781000 14.710275
5801000 14.878746
5821000 14.531576
5841000 13.922334
5861000 14.287316
5881000 14.434046
5901000 14.894217
5921000 13.213994
5941000 13.180199
5961000 14.549636
5981000 14.812800
6001000 14.641543
6021000 15.278912
6041000 14.244386
6061000 13.735207
6081000 13.926518
6101000 14.262248
6121000 15.688451
6141000 13.458451
6161000 13.786659
6181000 15.790128
6201000 15.306374
6221000 14.405572
6241000 14.715868
6261000 14.423776
6281000 14.308406
6301000 13.721705
6321000 13.605692
6341000 13.752233
6361000 13.700604
6381000 13.228241
6401000 14.020265
6421000 14.414438
6441000 15.031976
6461000 14.811798
6481000 14.849159
6501000 14.994768
6521000 15.553225
6541000 15.343545
6561000 15.487199
6581000 15.562744
6601000 17.307022
6621000 17.427500
6641000 15.343194
6661000 14.845744
6681000 15.859882
6701000 17.398233
6721000 17.422700
6741000 15.512015
6761000 15.864702
6781000 15.711768
6801000 17.521017
6821000 17.480992
6841000 16.649372
6861000 15.874460
6881000 16.933424
6901000 16.257963
6921000 17.129352
6941000 18.089274
6961000 17.846991
6981000 19.222081
7001000 18.947536
7021000 41.058698
7041000 22.618014
7061000 16.476221
7081000 16.185625
7101000 16.800360
7121000 16.901844
7141000 16.334309
7161000 16.416536
7181000 20.657735
7201000 19.859736
7221000 18.139530
7241000 18.769525
7261000 18.781151
7281000 17.398934
7301000 18.463977
7321000 18.492209
7341000 17.745513
7361000 19.248705
7381000 18.342324
7401000 18.370423
7421000 19.271083
7441000 19.783474
7461000 17.893250
7481000 17.363106
7501000 18.351456
7521000 20.997765
7541000 19.526312
7561000 18.553863
7581000 18.512313
7601000 18.440076
7621000 21.258617
7641000 20.934120
7661000 20.180593
7681000 18.886779
7701000 23.554126
7721000 20.855670
7741000 18.986079
7761000 19.393759
7781000 22.248799
7801000 19.964166
7821000 18.971111
7841000 23.004274
7861000 19.647861
7881000 20.649840
7901000 20.731146
7921000 20.865302
7941000 20.858970
7961000 21.319971
7981000 24.034013
8001000 21.646345
8021000 20.420371
8041000 23.002267
8061000 20.996439
8081000 22.921036
8101000 20.904036
8121000 20.949163
8141000 21.882052
8161000 21.334408
8181000 25.191547
8201000 20.699836
8221000 19.888101
8241000 19.231298
8261000 19.198665
8281000 19.181292
8301000 20.011239
8321000 19.925424
8341000 21.074271
8361000 18.600753
8381000 19.746092
8401000 19.790487
8421000 22.251692
8441000 23.288826
8461000 20.613580
8481000 20.385104
8501000 20.465170
8521000 21.202347
8541000 23.318903
8561000 24.502355
8581000 24.743778
8601000 21.651374
8621000 21.052790
8641000 21.333864
8661000 23.749400
8681000 21.511537
8701000 22.464044
8721000 23.415171
8741000 23.862282
8761000 22.959987
8781000 22.509763
8801000 21.601362
8821000 21.220401
8841000 23.489519
8861000 22.034675
8881000 20.523519
8901000 21.571763
8921000 22.096258
8941000 22.596357
8961000 22.396400
8981000 21.422741
9001000 24.357679
9021000 22.852327
9041000 23.002101
9061000 24.043819
9081000 23.614878
9101000 25.058615
9121000 24.252121
9141000 21.098117
9161000 21.972536
9181000 22.399435
9201000 20.844485
9221000 20.850734
9241000 23.253177
9261000 20.676461
9281000 24.016162
9301000 23.152234
9321000 22.714588
9341000 22.831260
9361000 22.813356
9381000 21.633811
9401000 21.762166
9421000 26.544583
9441000 23.323478
9461000 22.783739
9481000 22.043654
9501000 21.923435
9521000 21.867508
9541000 26.214390
9561000 22.523982
9581000 22.432889
9601000 23.268418
9621000 21.467203
9641000 21.624182
9661000 21.331874
9681000 21.076176
9701000 20.611386
9721000 20.667694
9741000 20.450649
9761000 20.561401
9781000 21.210926
9801000 21.285265
9821000 21.787305
9841000 22.101766
9861000 21.736645
9881000 24.177243
9901000 24.678072
9921000 24.379771
9941000 23.864997
9961000 24.234834
9981000 25.168679
