   1000 0.003497
  21000 0.073080
  41000 0.100933
  61000 0.139046
  81000 0.183230
 101000 0.228026
 121000 0.261410
 141000 0.275597
 161000 0.322727
 181000 0.378673
 201000 0.592793
 221000 0.585951
 241000 0.529472
 261000 0.594046
 281000 0.742660
 301000 0.673999
 321000 0.660953
 341000 0.698425
 361000 0.724516
 381000 0.750585
 401000 0.795240
 421000 0.848542
 441000 0.977579
 461000 0.991666
 481000 1.002045
 501000 1.112146
 521000 1.067892
 541000 1.279045
 561000 1.466744
 581000 1.325304
 601000 1.464981
 621000 1.292972
 641000 1.299495
 661000 1.340664
 681000 1.444171
 701000 1.497783
 721000 1.526328
 741000 1.672247
 761000 1.791445
 781000 1.652649
 801000 1.699620
 821000 1.725499
 841000 1.770495
 861000 1.762691
 881000 1.989434
 901000 2.008540
 921000 2.055320
 941000 2.023058
 961000 2.013870
 981000 2.126726
1001000 2.115745
1021000 2.179527
1041000 2.133279
1061000 2.211899
1081000 3.294746
1101000 3.554857
1121000 3.479843
1141000 3.156805
1161000 2.395680
1181000 3.135594
1201000 2.565815
1221000 2.520028
1241000 2.533724
1261000 2.683420
1281000 2.740720
1301000 2.906236
1321000 2.689792
1341000 2.927707
1361000 2.801526
1381000 2.953337
1401000 3.022719
1421000 3.058828
1441000 2.978073
1461000 3.056684
1481000 3.117510
1501000 3.237900
1521000 3.141756
1541000 3.342701
1561000 3.192604
1581000 3.274270
1601000 4.024024
1621000 5.132282
1641000 5.069793
1661000 3.636963
1681000 5.109969
1701000 5.076956
1721000 3.839301
1741000 3.717878
1761000 3.722087
1781000 3.780407
1801000 3.675708
1821000 3.880198
1841000 3.920375
1861000 3.858818
1881000 3.981623
1901000 4.028202
1921000 4.121640
1941000 4.067126
1961000 4.114036
1981000 4.252239
2001000 4.193577
2021000 4.258431
2041000 4.319028
2061000 4.607890
2081000 4.523949
2101000 4.407857
2121000 4.560069
2141000 4.541222
2161000 4.570077
2181000 4.567763
2201000 8.159844
2221000 16.131301
2241000 6.417590
2261000 16.100042
2281000 5.322305
2301000 5.266068
2321000 5.449519
2341000 5.263353
2361000 4.880341
2381000 5.323668
2401000 5.190844
2421000 5.422407
2441000 5.079081
2461000 6.076087
2481000 5.196726
2501000 5.207306
2521000 5.576969
2541000 5.382370
2561000 5.401377
2581000 7.005803
2601000 7.167403
2621000 5.997847
2641000 5.482292
2661000 5.603824
2681000 5.623441
2701000 5.708274
2721000 5.746677
2741000 5.880583
2761000 5.900110
2781000 6.159536
2801000 5.892255
2821000 6.188611
2841000 6.096355
2861000 6.084473
2881000 5.984962
2901000 6.521719
2921000 6.223769
2941000 6.851573
2961000 10.049212
2981000 6.860175
3001000 6.372012
3021000 6.337397
3041000 9.765116
3061000 7.460624
3081000 6.727102
3101000 6.616910
3121000 6.627511
3141000 6.614166
3161000 6.897156
3181000 6.911554
3201000 7.012117
3221000 7.101037
3241000 6.861278
3261000 7.190968
3281000 7.326587
3301000 7.206939
3321000 7.044318
3341000 8.929055
3361000 9.774878
3381000 7.301509
3401000 7.661898
3421000 7.469440
3441000 7.559763
3461000 8.423825
3481000 8.213132
3501000 7.561076
3521000 7.487165
3541000 7.940681
3561000 8.469443
3581000 8.815484
3601000 7.895305
3621000 8.301479
3641000 8.310619
3661000 11.407359
3681000 8.856382
3701000 8.193956
3721000 8.191621
3741000 7.833416
3761000 8.675587
3781000 8.333733
3801000 8.138960
3821000 8.216879
3841000 8.709211
3861000 8.520069
3881000 8.395010
3901000 8.363800
3921000 8.590904
3941000 8.828148
3961000 8.410470
3981000 8.869537
4001000 9.001690
4021000 8.652593
4041000 8.628747
4061000 8.703300
4081000 8.663874
4101000 9.060933
4121000 9.613230
4141000 8.672641
4161000 9.316171
4181000 8.957456
4201000 9.890310
4221000 12.929068
4241000 11.462044
4261000 9.315641
4281000 9.319086
4301000 9.228644
4321000 9.240297
4341000 9.252008
4361000 9.634621
4381000 9.795858
4401000 9.919866
4421000 11.880718
4441000 11.655664
4461000 9.805918
4481000 9.417165
4501000 9.550299
4521000 9.705315
4541000 11.147649
4561000 10.590919
4581000 13.953201
4601000 9.857266
4621000 9.843390
4641000 9.994518
4661000 21.078460
4681000 17.208781
4701000 14.463402
4721000 14.919250
4741000 10.203537
4761000 10.595618
4781000 10.716077
4801000 10.177989
4821000 10.711068
4841000 10.383883
4861000 10.239216
4881000 10.842790
4901000 10.653458
4921000 14.668899
4941000 14.720310
4961000 13.401743
4981000 11.533791
5001000 10.407258
5021000 10.701279
5041000 10.557715
5061000 10.735665
5081000 10.729043
5101000 10.864331
5121000 10.668587
5141000 11.126773
5161000 11.227746
5181000 12.331275
5201000 13.163937
5221000 12.122607
5241000 11.770103
5261000 11.166429
5281000 11.200614
5301000 11.428630
5321000 11.648360
5341000 11.823244
5361000 11.605949
5381000 11.558128
5401000 11.861618
5421000 12.461886
5441000 11.762579
5461000 15.564388
5481000 12.287235
5501000 14.693980
5521000 12.205896
5541000 11.903568
5561000 12.396824
5581000 12.368868
5601000 12.741199
5621000 12.301188
5641000 12.178735
5661000 12.208251
5681000 12.098661
5701000 12.321437
5721000 12.172492
5741000 12.457818
5761000 12.495870
5781000 12.593918
5801000 12.359490
5821000 12.527301
5841000 12.489849
5861000 12.544233
5881000 12.469270
5901000 13.277726
5921000 13.351093
5941000 13.277826
5961000 13.008781
5981000 13.611647
6001000 14.342798
6021000 16.003336
6041000 13.310167
6061000 13.160050
6081000 12.981750
6101000 12.960128
6121000 13.251124
6141000 13.084897
6161000 13.350425
6181000 16.702513
6201000 12.880686
6221000 13.853316
6241000 13.911006
6261000 18.737817
6281000 17.040850
6301000 13.711154
6321000 14.151385
6341000 13.968907
6361000 13.582137
6381000 13.496083
6401000 14.118730
6421000 17.101295
6441000 13.527042
6461000 13.709772
6481000 13.744598
6501000 13.965270
6521000 13.650478
6541000 13.832766
6561000 13.798451
6581000 13.918099
6601000 13.874817
6621000 13.767251
6641000 14.096671
6661000 14.098033
6681000 18.219364
6701000 15.097588
6721000 14.591938
6741000 14.855302
6761000 15.773106
6781000 14.580777
6801000 17.136950
6821000 15.768968
6841000 14.657162
6861000 17.029993
6881000 15.838070
6901000 14.829883
6921000 14.633708
6941000 14.600594
6961000 16.376556
6981000 16.062320
7001000 14.883115
7021000 14.843719
7041000 14.713220
7061000 14.933792
7081000 17.380092
7101000 15.233925
7121000 15.277335
7141000 15.364605
7161000 15.119827
7181000 15.122162
7201000 15.738360
7221000 15.302968
7241000 15.956497
7261000 19.178536
7281000 15.312276
7301000 15.359736
7321000 15.488963
7341000 15.694226
7361000 15.981365
7381000 19.493844
7401000 16.541536
7421000 15.774486
7441000 15.894609
7461000 15.911400
7481000 16.049856
7501000 17.104842
7521000 18.335395
7541000 15.902694
7561000 33.968064
7581000 21.510365
7601000 17.382514
7621000 17.243911
7641000 21.180875
7661000 24.315428
7681000 17.275278
7701000 18.589992
7721000 17.038656
7741000 16.978672
7761000 20.395780
7781000 16.845376
7801000 20.463195
7821000 17.553351
7841000 21.229766
7861000 19.150313
7881000 18.609833
7901000 17.478667
7921000 17.009369
7941000 17.013067
7961000 17.537619
7981000 18.036429
8001000 19.597548
8021000 17.161271
8041000 17.522180
8061000 17.434092
8081000 17.237867
8101000 21.370362
8121000 17.998938
8141000 17.076929
8161000 17.181910
8181000 17.160339
8201000 17.401359
8221000 17.434673
8241000 17.688571
8261000 19.072160
8281000 19.188489
8301000 18.025984
8321000 17.607533
8341000 21.561950
8361000 18.081370
8381000 18.862462
8401000 17.936803
8421000 18.129902
8441000 21.625487
8461000 18.115946
8481000 17.877970
8501000 18.149219
8521000 18.227198
8541000 18.230314
8561000 18.087872
8581000 18.010784
8601000 18.368491
8621000 27.208897
8641000 31.206646
8661000 19.382043
8681000 18.579090
8701000 18.351766
8721000 19.082965
8741000 18.466436
8761000 18.663412
8781000 18.575845
8801000 18.623776
8821000 19.945743
8841000 19.227450
8861000 18.967894
8881000 18.745719
8901000 22.854865
8921000 19.321250
8941000 19.008702
8961000 19.139332
8981000 23.283759
9001000 19.141083
9021000 19.142708
9041000 19.073146
9061000 19.123301
9081000 20.368254
9101000 21.264936
9121000 19.389720
9141000 19.168568
9161000 19.401303
9181000 19.344053
9201000 19.374191
9221000 19.572650
9241000 19.866001
9261000 19.659527
9281000 19.649348
9301000 19.698281
9321000 19.834421
9341000 20.272629
9361000 20.444467
9381000 21.005249
9401000 21.070672
9421000 20.041036
9441000 20.384071
9461000 21.477281
9481000 20.817179
9501000 20.259915
9521000 20.694085
9541000 22.639635
9561000 21.933904
9581000 20.362971
9601000 21.666233
9621000 26.169783
9641000 21.426305
9661000 23.696906
9681000 22.161679
9701000 21.537527
9721000 20.758278
9741000 23.033091
9761000 22.487260
9781000 23.953225
9801000 20.979972
9821000 21.377591
9841000 21.334599
9861000 25.206142
9881000 24.026896
9901000 21.005810
9921000 21.083259
9941000 21.171938
9961000 21.636209
9981000 22.471884
