   1000 0.003897
  21000 0.077970
  41000 0.123266
  61000 0.178110
  81000 0.239998
 101000 0.319500
 121000 0.390587
 141000 0.434551
 161000 0.510576
 181000 0.550963
 201000 0.597903
 221000 0.611369
 241000 0.663298
 261000 0.572034
 281000 0.586712
 301000 0.614835
 321000 0.647067
 341000 0.874652
 361000 0.775984
 381000 0.802063
 401000 0.846369
 421000 0.963392
 441000 0.960586
 461000 1.031502
 481000 1.041432
 501000 1.074845
 521000 1.120563
 541000 1.076799
 561000 1.273364
 581000 1.236645
 601000 1.195446
 621000 1.240471
 641000 1.293763
 661000 1.662679
 681000 1.680162
 701000 1.637019
 721000 1.500809
 741000 1.594699
 761000 1.579600
 781000 1.580171
 801000 1.626049
 821000 1.774683
 841000 1.712474
 861000 2.190098
 881000 2.076029
 901000 1.887900
 921000 2.062534
 941000 1.934087
 961000 1.979665
 981000 2.034890
1001000 2.018519
1021000 2.303434
1041000 2.212440
1061000 2.436689
1081000 2.224844
1101000 2.353970
1121000 2.289387
1141000 2.400309
1161000 2.531089
1181000 4.386783
1201000 3.716415
1221000 3.505332
1241000 2.823038
1261000 2.757783
1281000 2.584802
1301000 2.702146
1321000 2.826163
1341000 2.745138
1361000 2.865238
1381000 3.076572
1401000 2.993714
1421000 2.988343
1441000 3.117230
1461000 3.143881
1481000 3.183367
1501000 3.074989
1521000 3.305529
1541000 3.323604
1561000 3.329024
1581000 3.294298
1601000 3.296452
1621000 3.459434
1641000 3.562270
1661000 3.457169
1681000 5.425263
1701000 5.394093
1721000 4.291816
1741000 4.832088
1761000 3.634329
1781000 3.739289
1801000 3.773054
1821000 3.998555
1841000 3.887062
1861000 4.198657
1881000 4.079129
1901000 3.970641
1921000 4.080080
1941000 4.440310
1961000 4.104557
1981000 4.238684
2001000 4.144654
2021000 4.288719
2041000 4.512728
2061000 4.626297
2081000 4.371588
2101000 4.770908
2121000 4.852540
2141000 4.492329
2161000 4.548837
2181000 4.660470
2201000 5.058869
2221000 4.752596
2241000 4.649820
2261000 4.974721
2281000 4.762074
2301000 4.890069
2321000 5.038483
2341000 4.968239
2361000 4.960314
2381000 4.908244
2401000 5.220424
2421000 5.071105
2441000 5.150607
2461000 5.507477
2481000 5.159405
2501000 5.298330
2521000 5.487151
2541000 5.389334
2561000 5.408110
2581000 5.618191
2601000 5.376770
2621000 5.551817
2641000 5.621528
2661000 6.396216
2681000 6.534596
2701000 6.075375
2721000 5.901773
2741000 7.294784
2761000 6.513353
2781000 7.458098
2801000 8.058116
2821000 6.179735
2841000 6.040048
2861000 6.059926
2881000 6.233928
2901000 6.209652
2921000 6.333058
2941000 6.299093
2961000 6.355531
2981000 6.443769
3001000 6.323690
3021000 6.480600
3041000 6.397401
3061000 6.350711
3081000 6.711441
3101000 6.557838
3121000 6.738132
3141000 6.654763
3161000 6.644764
3181000 6.984233
3201000 6.707003
3221000 8.741213
3241000 8.902130
3261000 6.926182
3281000 7.080367
3301000 7.122377
3321000 6.911604
3341000 7.172473
3361000 7.226516
3381000 7.229361
3401000 7.252305
3421000 7.271813
3441000 9.739451
3461000 7.389147
3481000 7.344772
3501000 7.542250
3521000 7.653576
3541000 7.649845
3561000 7.539224
3581000 7.801215
3601000 7.736201
3621000 7.543643
3641000 11.180536
3661000 15.389450
3681000 9.144483
3701000 12.051574
3721000 8.485553
3741000 8.227921
3761000 10.227069
3781000 9.421603
3801000 8.021206
3821000 8.144411
3841000 7.934430
3861000 8.049751
3881000 12.313756
3901000 8.215617
3921000 8.428424
3941000 8.246607
3961000 8.350244
3981000 8.260062
4001000 8.418354
4021000 11.404239
4041000 11.090735
4061000 11.210704
4081000 9.584094
4101000 8.613708
4121000 8.714070
4141000 8.645890
4161000 8.806086
4181000 8.932919
4201000 9.276696
4221000 9.212713
4241000 9.408198
4261000 9.358996
4281000 9.613550
4301000 9.274041
4321000 10.582359
4341000 9.612818
4361000 9.294590
4381000 9.189039
4401000 9.415441
4421000 9.491166
4441000 9.268049
4461000 9.462361
4481000 10.796240
4501000 12.166641
4521000 9.568664
4541000 9.761753
4561000 9.670800
4581000 9.759539
4601000 9.702019
4621000 9.896591
4641000 12.543763
4661000 11.882107
4681000 9.881653
4701000 10.082960
4721000 10.008044
4741000 10.412988
4761000 10.060755
4781000 10.165776
4801000 10.337174
4821000 10.279012
4841000 10.571341
4861000 10.661153
4881000 11.025165
4901000 10.347073
4921000 10.493051
4941000 10.712180
4961000 10.590968
4981000 10.756305
5001000 11.870956
5021000 13.212339
5041000 14.480324
5061000 14.469545
5081000 10.641475
5101000 10.774479
5121000 10.776433
5141000 10.937301
5161000 11.049275
5181000 10.933393
5201000 11.224169
5221000 11.052992
5241000 11.011652
5261000 14.934001
5281000 11.335182
5301000 11.214911
5321000 11.197999
5341000 11.481361
5361000 15.133858
5381000 11.959956
5401000 12.503542
5421000 14.486657
5441000 11.227956
5461000 11.650444
5481000 13.324295
5501000 13.554815
5521000 11.599416
5541000 15.695107
5561000 14.895452
5581000 12.422370
5601000 12.790741
5621000 12.066149
5641000 11.904721
5661000 12.136584
5681000 14.904195
5701000 15.354525
5721000 13.628877
5741000 12.085787
5761000 12.191529
5781000 15.961848
5801000 12.204584
5821000 14.578491
5841000 13.594861
5861000 12.609177
5881000 12.272023
5901000 12.395448
5921000 12.433110
5941000 12.651277
5961000 12.638634
5981000 12.682838
6001000 12.678500
6021000 12.673049
6041000 15.139528
6061000 15.448105
6081000 12.992808
6101000 12.738274
6121000 13.059208
6141000 13.093503
6161000 13.105707
6181000 13.022187
6201000 13.128070
6221000 16.604866
6241000 12.981790
6261000 17.077695
6281000 14.020893
6301000 13.847225
6321000 13.482209
6341000 13.821001
6361000 13.488642
6381000 14.175241
6401000 14.022366
6421000 13.777351
6441000 13.980101
6461000 13.764656
6481000 13.776529
6501000 14.333190
6521000 14.536532
6541000 15.850544
6561000 16.792375
6581000 14.052016
6601000 14.054510
6621000 14.323785
6641000 13.963346
6661000 14.184850
6681000 14.818631
6701000 19.019354
6721000 14.709603
6741000 18.275219
6761000 14.446290
6781000 14.863989
6801000 18.525299
6821000 18.476247
6841000 16.647606
6861000 17.662067
6881000 17.281200
6901000 17.791194
6921000 15.214438
6941000 14.818291
6961000 18.662912
6981000 16.348095
7001000 15.923674
7021000 15.724002
7041000 14.909625
7061000 15.189972
7081000 15.041297
7101000 20.305051
7121000 19.853959
7141000 17.052723
7161000 15.801500
7181000 15.837409
7201000 15.881794
7221000 15.666913
7241000 19.042296
7261000 15.683404
7281000 15.766964
7301000 16.172249
7321000 16.410465
7341000 17.036361
7361000 16.242895
7381000 15.700958
7401000 20.014244
7421000 20.990552
7441000 18.193293
7461000 15.861956
7481000 16.773532
7501000 16.507680
7521000 17.025049
7541000 20.914022
7561000 22.972189
7581000 24.874046
7601000 16.532108
7621000 15.945877
7641000 16.145698
7661000 17.386925
7681000 22.020000
7701000 21.684569
7721000 20.642265
7741000 20.465114
7761000 20.426538
7781000 20.329748
7801000 20.226440
7821000 20.901851
7841000 21.070940
7861000 20.210379
7881000 20.271777
7901000 21.607603
7921000 17.542158
7941000 16.811291
7961000 17.772128
7981000 23.900728
8001000 19.827498
8021000 25.028949
8041000 21.795711
8061000 20.947760
8081000 21.066947
8101000 20.890340
8121000 21.852339
8141000 19.752935
8161000 18.236727
8181000 22.454611
8201000 21.666266
8221000 32.340848
8241000 17.721752
8261000 17.244990
8281000 18.002288
8301000 17.622492
8321000 17.590972
8341000 17.736119
8361000 17.635196
8381000 17.697346
8401000 18.904323
8421000 17.848364
8441000 21.855920
8461000 22.214016
8481000 17.789822
8501000 21.673138
8521000 21.956858
8541000 20.270278
8561000 20.099267
8581000 18.495231
8601000 18.982600
8621000 19.177277
8641000 18.512470
8661000 18.666257
8681000 18.791830
8701000 20.254201
8721000 21.976536
8741000 20.566060
8761000 18.407493
8781000 22.205218
8801000 22.939784
8821000 18.876490
8841000 25.487709
8861000 20.629340
8881000 19.025094
8901000 18.663502
8921000 18.919281
8941000 18.884234
8961000 18.725982
8981000 19.170281
9001000 19.026427
9021000 21.327025
9041000 35.313586
9061000 20.294731
9081000 20.425891
9101000 19.375182
9121000 19.141556
9141000 23.308013
9161000 19.035433
9181000 19.227120
9201000 23.431376
9221000 24.207195
9241000 20.177777
9261000 19.510441
9281000 19.822455
9301000 19.920736
9321000 20.178889
9341000 20.357744
9361000 20.186303
9381000 21.483123
9401000 20.465815
9421000 20.291415
9441000 21.455681
9461000 20.981988
9481000 20.130043
9501000 20.324327
9521000 20.418991
9541000 20.415642
9561000 20.922040
9581000 20.986390
9601000 20.712202
9621000 20.673575
9641000 21.195951
9661000 22.216816
9681000 26.491798
9701000 22.452580
9721000 25.410097
9741000 20.188388
9761000 20.431773
9781000 20.488842
9801000 20.572793
9821000 23.113531
9841000 24.110857
9861000 22.168523
9881000 21.375707
9901000 22.200447
9921000 23.942402
9941000 27.804769
9961000 28.982422
9981000 25.957611
