   1000 0.002394
  21000 0.057480
  41000 0.087397
  61000 0.121733
  81000 0.161619
 101000 0.234869
 121000 0.259045
 141000 0.292750
 161000 0.341693
 181000 0.383533
 201000 0.418721
 221000 0.459609
 241000 0.500587
 261000 0.534722
 281000 0.564890
 301000 0.624925
 321000 0.682044
 341000 1.183324
 361000 0.959324
 381000 0.973682
 401000 1.051521
 421000 1.083491
 441000 1.123388
 461000 1.183342
 481000 1.035770
 501000 1.078832
 521000 1.168233
 541000 1.166160
 561000 1.211706
 581000 1.297611
 601000 1.340463
 621000 1.366934
 641000 1.384076
 661000 1.423321
 681000 1.827314
 701000 1.553751
 721000 1.586653
 741000 1.587044
 761000 1.615749
 781000 1.609978
 801000 1.761638
 821000 1.754845
 841000 1.773330
 861000 1.760486
 881000 2.879655
 901000 2.873684
 921000 2.875287
 941000 2.784143
 961000 2.500771
 981000 2.114633
1001000 2.189717
1021000 2.155191
1041000 2.227388
1061000 2.337108
1081000 2.337358
1101000 2.317571
1121000 2.342649
1141000 3.958963
1161000 3.886400
1181000 3.942197
1201000 3.105668
1221000 2.584912
1241000 2.529527
1261000 2.642963
1281000 2.702837
1301000 2.885697
1321000 2.857603
1341000 2.955561
1361000 2.841652
1381000 2.888803
1401000 2.919933
1421000 3.389440
1441000 4.285960
1461000 4.580156
1481000 4.145405
1501000 3.242439
1521000 3.265654
1541000 3.280663
1561000 3.299718
1581000 3.386003
1601000 3.394250
1621000 3.545038
1641000 3.454114
1661000 3.443905
1681000 3.594312
1701000 3.577600
1721000 3.800186
1741000 4.001721
1761000 4.067356
1781000 4.123283
1801000 4.076484
1821000 3.785497
1841000 3.838629
1861000 4.046627
1881000 4.017410
1901000 3.997904
1921000 3.999427
1941000 4.239405
1961000 4.120698
1981000 4.277958
2001000 4.203126
2021000 4.376217
2041000 4.389402
2061000 4.361979
2081000 4.463674
2101000 4.440079
2121000 4.540691
2141000 4.531102
2161000 4.698623
2181000 4.632867
2201000 4.688444
2221000 4.780791
2241000 4.740694
2261000 4.799416
2281000 4.848520
2301000 7.567649
2321000 17.655668
2341000 14.781250
2361000 13.711054
2381000 6.018277
2401000 7.999043
2421000 7.890242
2441000 6.362364
2461000 9.902423
2481000 5.571763
2501000 5.657266
2521000 5.701952
2541000 6.099421
2561000 6.349980
2581000 6.609499
2601000 6.443215
2621000 6.269597
2641000 7.416931
2661000 6.368095
2681000 6.626469
2701000 7.019332
2721000 6.717362
2741000 6.588957
2761000 6.599057
2781000 6.776596
2801000 7.376221
2821000 6.726570
2841000 6.900743
2861000 7.693669
2881000 7.572159
2901000 8.944206
2921000 7.261313
2941000 7.801496
2961000 6.647098
2981000 6.322368
3001000 9.629191
3021000 7.142606
3041000 6.518402
3061000 6.353737
3081000 13.207564
3101000 10.028523
3121000 11.220127
3141000 7.007227
3161000 6.904520
3181000 7.350463
3201000 15.373215
3221000 7.599169
3241000 7.723166
3261000 7.646239
3281000 7.501502
3301000 7.910534
3321000 7.543152
3341000 7.805823
3361000 7.582116
3381000 7.759094
3401000 7.900144
3421000 9.436340
3441000 9.138932
3461000 7.923038
3481000 8.089325
3501000 8.313985
3521000 8.661479
3541000 8.519689
3561000 8.647834
3581000 9.228791
3601000 9.087608
3621000 8.557200
3641000 8.065346
3661000 7.859817
3681000 9.006920
3701000 8.983756
3721000 8.872673
3741000 8.846944
3761000 8.298806
3781000 9.456810
3801000 8.296803
3821000 9.278950
3841000 8.656340
3861000 9.059852
3881000 8.832456
3901000 9.077725
3921000 9.954061
3941000 9.208375
3961000 9.792511
3981000 10.470167
4001000 9.576629
4021000 9.304599
4041000 9.371016
4061000 10.293711
4081000 10.123895
4101000 11.132423
4121000 9.737638
4141000 10.765002
4161000 10.675373
4181000 10.352048
4201000 9.906730
4221000 9.887724
4241000 13.280775
4261000 11.201804
4281000 10.018103
4301000 9.911950
4321000 13.470563
4341000 11.777127
4361000 10.024756
4381000 9.986594
4401000 10.231324
4421000 10.233756
4441000 10.548096
4461000 10.345529
4481000 10.202025
4501000 10.322325
4521000 9.963569
4541000 10.526202
4561000 13.313677
4581000 11.828514
4601000 10.276547
4621000 10.457573
4641000 10.243103
4661000 10.736276
4681000 10.424731
4701000 11.320190
4721000 10.147791
4741000 10.500335
4761000 14.064388
4781000 10.220661
4801000 12.199363
4821000 11.277582
4841000 11.196737
4861000 10.877286
4881000 14.030126
4901000 10.943403
4921000 10.765843
4941000 10.776563
4961000 10.812963
4981000 13.280508
5001000 12.501151
5021000 10.907333
5041000 10.642908
5061000 11.293784
5081000 15.154482
5101000 18.570966
5121000 11.588215
5141000 12.029770
5161000 21.523720
5181000 20.211271
5201000 14.389972
5221000 14.185631
5241000 16.803941
5261000 13.946925
5281000 13.681798
5301000 15.356768
5321000 13.968396
5341000 13.860720
5361000 14.027658
5381000 13.801186
5401000 15.365020
5421000 15.889479
5441000 14.444523
5461000 13.591405
5481000 12.899693
5501000 13.133740
5521000 12.975728
5541000 12.652730
5561000 12.389648
5581000 12.395558
5601000 17.392015
5621000 13.725311
5641000 16.839324
5661000 12.458369
5681000 12.398114
5701000 12.457838
5721000 12.497233
5741000 12.512893
5761000 12.723195
5781000 12.685483
5801000 12.717234
5821000 12.847032
5841000 12.781006
5861000 17.269495
5881000 13.397334
5901000 12.844697
5921000 12.689360
5941000 13.028619
5961000 13.019602
5981000 12.728675
6001000 12.833997
6021000 18.259459
6041000 14.192405
6061000 16.000851
6081000 16.676487
6101000 14.110004
6121000 13.610004
6141000 17.286687
6161000 16.663668
6181000 15.380767
6201000 13.313073
6221000 13.210317
6241000 13.384409
6261000 13.187092
6281000 13.264961
6301000 14.502527
6321000 13.442681
6341000 17.409585
6361000 14.642455
6381000 13.638636
6401000 17.409816
6421000 18.231686
6441000 13.870499
6461000 13.777951
6481000 16.158944
6501000 17.529589
6521000 15.168120
6541000 15.677383
6561000 15.075182
6581000 16.922554
6601000 18.572895
6621000 15.838782
6641000 15.115359
6661000 20.600330
6681000 16.811678
6701000 18.449217
6721000 15.829014
6741000 15.293048
6761000 15.938783
6781000 15.333215
6801000 15.850464
6821000 14.915778
6841000 15.802089
6861000 15.270999
6881000 14.764297
6901000 14.647234
6921000 14.706807
6941000 14.935956
6961000 14.801138
6981000 15.030807
7001000 14.916859
7021000 15.326690
7041000 15.319118
7061000 15.753879
7081000 16.004519
7101000 15.576080
7121000 16.488544
7141000 16.427487
7161000 16.774360
7181000 16.421977
7201000 15.565674
7221000 15.576727
7241000 17.019509
7261000 16.743541
7281000 17.031903
7301000 20.022475
7321000 15.549900
7341000 15.514782
7361000 15.588820
7381000 16.218829
7401000 16.145668
7421000 15.834123
7441000 15.735645
7461000 15.589605
7481000 15.807562
7501000 16.918495
7521000 17.475441
7541000 17.391430
7561000 17.373356
7581000 17.521068
7601000 17.701232
7621000 17.220634
7641000 16.356251
7661000 16.048934
7681000 19.341470
7701000 26.810448
7721000 21.266121
7741000 17.251450
7761000 16.592794
7781000 16.713564
7801000 20.419729
7821000 16.762908
7841000 17.917570
7861000 21.744891
7881000 16.752068
7901000 16.644523
7921000 17.319413
7941000 17.614207
7961000 17.773309
7981000 21.108220
8001000 18.258665
8021000 18.072732
8041000 17.079073
8061000 17.127696
8081000 16.923466
8101000 17.262413
8121000 18.890376
8141000 20.018567
8161000 18.738777
8181000 18.742048
8201000 18.066271
8221000 18.313984
8241000 18.268697
8261000 18.760788
8281000 20.342551
8301000 18.247878
8321000 19.168422
8341000 19.011147
8361000 19.353993
8381000 19.526883
8401000 18.994711
8421000 18.051712
8441000 18.019041
8461000 18.153327
8481000 19.240877
8501000 18.525549
8521000 19.914573
8541000 19.970441
8561000 18.421690
8581000 19.000106
8601000 20.202184
8621000 21.337870
8641000 20.026678
8661000 20.224056
8681000 19.643706
8701000 19.518076
8721000 19.717117
8741000 19.830089
8761000 23.243689
8781000 20.674706
8801000 19.424698
8821000 18.614559
8841000 19.029141
8861000 18.690003
8881000 18.874195
8901000 18.753254
8921000 19.405481
8941000 23.830622
8961000 23.499498
8981000 20.324231
9001000 30.278545
9021000 24.049683
9041000 22.902915
9061000 20.727999
9081000 19.839250
9101000 21.478586
9121000 22.939828
9141000 22.338198
9161000 22.455723
9181000 24.969416
9201000 19.951675
9221000 20.425942
9241000 20.148691
9261000 19.920035
9281000 20.004356
9301000 19.868967
9321000 23.656913
9341000 23.240048
9361000 22.533826
9381000 23.299245
9401000 24.042687
9421000 25.876008
9441000 21.492341
9461000 23.395440
9481000 20.699515
9501000 25.478516
9521000 24.193725
9541000 27.187966
9561000 23.778421
9581000 20.802812
9601000 20.916009
9621000 20.870666
9641000 21.546842
9661000 22.729756
9681000 29.077514
9701000 23.322339
9721000 22.824999
9741000 24.049318
9761000 24.755320
9781000 22.423441
9801000 21.994000
9821000 25.100719
9841000 21.626772
9861000 25.211702
9881000 21.565026
9901000 21.851528
9921000 21.960935
9941000 21.229462
9961000 23.371313
9981000 24.366462
