   1000 0.002244
  21000 0.044735
  41000 0.085203
  61000 0.125180
  81000 0.186226
 101000 0.221514
 121000 0.251160
 141000 0.309162
 161000 0.322136
 181000 0.361852
 201000 0.408912
 221000 0.453698
 241000 0.489366
 261000 0.534772
 281000 0.600959
 301000 0.622451
 321000 0.809377
 341000 0.702954
 361000 0.730777
 381000 1.136470
 401000 1.050698
 421000 1.185036
 441000 1.102748
 461000 1.191237
 481000 1.201718
 501000 1.217617
 521000 1.249629
 541000 1.396670
 561000 1.393434
 581000 1.579650
 601000 1.548952
 621000 1.701817
 641000 1.986064
 661000 1.883200
 681000 1.857702
 701000 1.772659
 721000 1.773811
 741000 1.842102
 761000 1.819609
 781000 1.855016
 801000 1.902287
 821000 1.804240
 841000 1.808036
 861000 1.837122
 881000 1.885074
 901000 1.946561
 921000 2.003421
 941000 2.100166
 961000 2.215425
 981000 2.429916
1001000 3.190279
1021000 2.250824
1041000 2.331959
1061000 2.341166
1081000 2.477677
1101000 2.486274
1121000 2.516491
1141000 2.588749
1161000 2.674323
1181000 2.591294
1201000 2.681807
1221000 3.008291
1241000 2.738054
1261000 2.786077
1281000 2.878313
1301000 2.884755
1321000 3.463443
1341000 3.520504
1361000 3.138491
1381000 2.935543
1401000 3.151045
1421000 3.446319
1441000 3.286714
1461000 3.344424
1481000 3.416151
1501000 3.151616
1521000 3.331440
1541000 3.777853
1561000 3.567441
1581000 3.314497
1601000 3.634205
1621000 3.349765
1641000 3.383539
1661000 3.857926
1681000 3.482178
1701000 3.759488
1721000 3.577349
1741000 3.961164
1761000 3.807229
1781000 3.716205
1801000 3.764698
1821000 3.954110
1841000 3.948980
1861000 4.017411
1881000 4.177988
1901000 3.976964
1921000 4.179270
1941000 4.092505
1961000 4.065743
1981000 4.333274
2001000 4.251478
2021000 4.230609
2041000 4.486608
2061000 4.414419
2081000 4.454617
2101000 4.427816
2121000 4.566751
2141000 4.466229
2161000 6.891134
2181000 6.603064
2201000 4.838361
2221000 4.741054
2241000 4.726757
2261000 4.701749
2281000 4.792182
2301000 4.859361
2321000 4.685458
2341000 4.913664
2361000 4.785379
2381000 5.004368
2401000 5.109629
2421000 5.003967
2441000 5.074652
2461000 5.247693
2481000 5.238234
2501000 5.226743
2521000 5.381990
2541000 5.268282
2561000 5.318529
2581000 5.538669
2601000 7.070508
2621000 5.545743
2641000 5.689247
2661000 5.613151
2681000 5.600818
2701000 5.759782
2721000 5.585228
2741000 7.044107
2761000 6.435594
2781000 5.789419
2801000 6.011533
2821000 5.896073
2841000 8.267026
2861000 7.714860
2881000 5.976817
2901000 6.171870
2921000 6.070076
2941000 7.963545
2961000 8.724250
2981000 6.445743
3001000 6.384146
3021000 6.950368
3041000 6.700401
3061000 7.896467
3081000 7.985648
3101000 6.503734
3121000 6.580371
3141000 7.823257
3161000 7.311168
3181000 6.616319
3201000 6.852912
3221000 6.667458
3241000 9.137551
3261000 9.208374
3281000 9.571192
3301000 11.451614
3321000 7.808018
3341000 7.524786
3361000 7.992280
3381000 8.135223
3401000 7.557428
3421000 7.488487
3441000 7.489489
3461000 7.448851
3481000 7.639075
3501000 7.568230
3521000 8.037006
3541000 8.395462
3561000 7.751580
3581000 7.628134
3601000 7.685273
3621000 9.302041
3641000 12.478437
3661000 9.162217
3681000 7.762381
3701000 7.922797
3721000 10.542817
3741000 7.922187
3761000 7.957855
3781000 8.125976
3801000 7.944118
3821000 8.148539
3841000 8.212731
3861000 10.763929
3881000 9.016488
3901000 8.618087
3921000 8.882262
3941000 10.056586
3961000 9.272648
3981000 9.150144
4001000 11.447219
4021000 9.206862
4041000 9.326701
4061000 9.764809
4081000 12.124598
4101000 10.779129
4121000 11.307589
4141000 9.263561
4161000 9.085250
4181000 9.567732
4201000 9.436671
4221000 9.438405
4241000 9.417876
4261000 9.175112
4281000 9.628769
4301000 9.176635
4321000 9.517406
4341000 9.442553
4361000 9.470927
4381000 9.788588
4401000 10.218136
4421000 10.091845
4441000 10.197656
4461000 13.979303
4481000 9.548807
4501000 10.063801
4521000 9.771171
4541000 10.375768
4561000 14.443338
4581000 12.052800
4601000 11.902045
4621000 12.183978
4641000 11.240500
4661000 10.827671
4681000 13.539462
4701000 11.913569
4721000 13.715823
4741000 10.420212
4761000 13.922077
4781000 10.039374
4801000 10.309942
4821000 10.282940
4841000 11.798447
4861000 11.188391
4881000 10.504773
4901000 10.386408
4921000 10.389403
4941000 14.380776
4961000 14.904665
4981000 13.127279
5001000 11.468515
5021000 12.835574
5041000 14.183464
5061000 11.259296
5081000 11.695370
5101000 12.237757
5121000 11.510657
5141000 11.216875
5161000 14.362001
5181000 12.336927
5201000 12.229221
5221000 15.847144
5241000 11.818014
5261000 12.234521
5281000 12.661648
5301000 11.814087
5321000 11.936782
5341000 13.032827
5361000 11.573406
5381000 12.177903
5401000 11.815870
5421000 12.957012
5441000 16.488588
5461000 13.213232
5481000 12.822174
5501000 12.350921
5521000 12.038256
5541000 13.738890
5561000 15.949540
5581000 14.472170
5601000 12.373526
5621000 16.618302
5641000 14.139303
5661000 17.043788
5681000 13.684563
5701000 12.926183
5721000 12.440104
5741000 13.351617
5761000 12.902508
5781000 13.022707
5801000 13.515991
5821000 12.599338
5841000 13.171692
5861000 13.151604
5881000 12.817412
5901000 12.790724
5921000 12.820271
5941000 15.159573
5961000 15.662825
5981000 13.977814
6001000 12.843314
6021000 13.974368
6041000 17.181081
6061000 13.735538
6081000 13.544178
6101000 13.301458
6121000 13.460736
6141000 13.566939
6161000 14.772082
6181000 13.771409
6201000 18.570493
6221000 13.833829
6241000 14.055081
6261000 14.346840
6281000 13.925834
6301000 13.950973
6321000 13.955461
6341000 13.965751
6361000 13.843908
6381000 18.106338
6401000 14.156145
6421000 14.269692
6441000 17.715429
6461000 15.275074
6481000 14.137589
6501000 13.960100
6521000 14.093225
6541000 15.117543
6561000 14.023551
6581000 19.637985
6601000 16.450181
6621000 16.876726
6641000 16.728402
6661000 18.833497
6681000 17.748293
6701000 15.368472
6721000 15.476209
6741000 14.910607
6761000 14.719051
6781000 18.351268
6801000 15.460268
6821000 14.814644
6841000 15.103386
6861000 20.080141
6881000 16.161856
6901000 16.513605
6921000 19.746028
6941000 15.368132
6961000 14.797782
6981000 17.786666
7001000 15.263051
7021000 14.831476
7041000 15.029104
7061000 14.981783
7081000 14.647084
7101000 14.807330
7121000 14.743117
7141000 15.359145
7161000 14.992143
7181000 15.016710
7201000 19.460791
7221000 17.121101
7241000 16.041111
7261000 19.512585
7281000 16.101504
7301000 19.478106
7321000 18.794534
7341000 17.096530
7361000 20.116937
7381000 17.804834
7401000 16.876495
7421000 18.538680
7441000 18.041643
7461000 16.189583
7481000 16.375639
7501000 21.280928
7521000 19.498648
7541000 20.188720
7561000 17.000593
7581000 22.926515
7601000 17.773521
7621000 18.042194
7641000 17.183403
7661000 17.717924
7681000 19.909921
7701000 26.588317
7721000 18.704882
7741000 18.812624
7761000 16.721981
7781000 16.484877
7801000 17.087560
7821000 20.775730
7841000 23.194074
7861000 21.845946
7881000 18.619688
7901000 17.347256
7921000 17.222607
7941000 16.442637
7961000 16.552406
7981000 16.798887
8001000 19.952631
8021000 18.815860
8041000 18.048490
8061000 18.672419
8081000 18.280768
8101000 21.937210
8121000 19.476849
8141000 19.457190
8161000 22.340562
8181000 19.575166
8201000 20.180533
8221000 18.144059
8241000 23.293224
8261000 22.895257
8281000 20.314268
8301000 23.326393
8321000 22.097980
8341000 19.510191
8361000 21.346344
8381000 17.910623
8401000 18.003972
8421000 20.618437
8441000 20.294743
8461000 23.017708
8481000 19.683854
8501000 18.116026
8521000 18.134702
8541000 17.678289
8561000 21.532375
8581000 19.116148
8601000 22.170095
8621000 17.592034
8641000 18.372205
8661000 23.526560
8681000 23.950651
8701000 19.132980
8721000 19.720763
8741000 20.156731
8761000 28.300978
8781000 23.096253
8801000 19.961404
8821000 25.356569
8841000 22.476181
8861000 22.326315
8881000 20.957672
8901000 23.380411
8921000 21.894838
8941000 19.588921
8961000 19.204998
8981000 19.966694
9001000 21.742027
9021000 21.033814
9041000 18.904443
9061000 19.161976
9081000 19.429908
9101000 23.386045
9121000 21.494826
9141000 20.402828
9161000 22.733220
9181000 19.705494
9201000 18.940522
9221000 19.852686
9241000 20.001851
9261000 19.825554
9281000 20.614954
9301000 23.746149
9321000 19.709071
9341000 23.667408
9361000 19.786720
9381000 21.941459
9401000 24.774750
9421000 21.334489
9441000 20.829443
9461000 21.504735
9481000 26.454435
9501000 20.666212
9521000 20.399872
9541000 25.519630
9561000 20.106061
9581000 20.166696
9601000 22.724407
9621000 24.372558
9641000 21.694620
9661000 23.358859
9681000 22.389573
9701000 23.859440
9721000 27.145398
9741000 25.039739
9761000 22.187844
9781000 22.440961
9801000 21.683907
9821000 25.859119
9841000 21.439670
9861000 24.619323
9881000 24.207121
9901000 23.699741
9921000 27.099908
9941000 27.664352
9961000 26.671121
9981000 22.326856
