   1000 0.002555
  21000 0.050967
  41000 0.098869
  61000 0.149536
  81000 0.186346
 101000 0.226332
 121000 0.279514
 141000 0.313138
 161000 0.344348
 181000 0.382582
 201000 0.431826
 221000 0.473766
 241000 0.506749
 261000 0.574869
 281000 0.596170
 301000 0.667787
 321000 0.683367
 341000 0.718915
 361000 0.765073
 381000 0.809037
 401000 0.832702
 421000 0.998830
 441000 1.539245
 461000 2.543843
 481000 1.887528
 501000 1.808147
 521000 1.933497
 541000 1.965818
 561000 1.714357
 581000 1.522251
 601000 1.493084
 621000 2.158774
 641000 1.644103
 661000 1.526468
 681000 1.605199
 701000 1.664873
 721000 1.619146
 741000 1.646207
 761000 1.788069
 781000 2.771589
 801000 2.180088
 821000 2.136504
 841000 2.114733
 861000 2.196209
 881000 2.122868
 901000 2.088924
 921000 2.153316
 941000 2.471986
 961000 3.655600
 981000 2.921610
1001000 2.720552
1021000 2.882211
1041000 2.720742
1061000 2.512914
1081000 2.417492
1101000 2.476916
1121000 2.580894
1141000 2.554514
1161000 2.758985
1181000 2.851922
1201000 2.899213
1221000 3.000546
1241000 3.168107
1261000 3.810772
1281000 4.612198
1301000 3.386395
1321000 3.226919
1341000 3.351808
1361000 3.503548
1381000 3.331169
1401000 3.371115
1421000 3.713711
1441000 3.760980
1461000 3.689594
1481000 4.042449
1501000 4.039483
1521000 4.172527
1541000 3.937408
1561000 3.987334
1581000 3.980540
1601000 4.011690
1621000 4.239465
1641000 3.972646
1661000 4.049312
1681000 5.262823
1701000 5.421515
1721000 5.186456
1741000 4.126900
1761000 3.925676
1781000 3.928992
1801000 4.064952
1821000 4.269243
1841000 4.034073
1861000 4.313316
1881000 4.105649
1901000 4.300372
1921000 4.548045
1941000 4.652595
1961000 4.572826
1981000 4.638970
2001000 5.145237
2021000 5.674655
2041000 7.540517
2061000 4.684176
2081000 5.401868
2101000 5.694136
2121000 5.228477
2141000 6.056049
2161000 4.978859
2181000 5.256791
2201000 6.051279
2221000 5.404152
2241000 5.298710
2261000 6.125061
2281000 6.303916
2301000 6.381621
2321000 5.985464
2341000 6.477043
2361000 6.181378
2381000 5.557473
2401000 5.528150
2421000 6.143014
2441000 6.512211
2461000 6.235972
2481000 5.535914
2501000 6.102247
2521000 6.962021
2541000 6.230512
2561000 6.193521
2581000 6.414714
2601000 6.484989
2621000 6.340502
2641000 6.209201
2661000 6.432539
2681000 9.062236
2701000 6.382883
2721000 6.180947
2741000 6.202890
2761000 6.048313
2781000 6.702684
2801000 6.188020
2821000 6.131233
2841000 6.469228
2861000 6.925701
2881000 6.504746
2901000 6.969724
2921000 7.007788
2941000 6.815621
2961000 6.422169
2981000 6.251752
3001000 8.273779
3021000 7.816113
3041000 6.521298
3061000 6.440213
3081000 6.602273
3101000 12.527644
3121000 7.049074
3141000 7.128449
3161000 7.670936
3181000 7.087691
3201000 7.956071
3221000 7.252236
3241000 7.489689
3261000 7.692968
3281000 7.704320
3301000 7.434323
3321000 7.300848
3341000 7.502674
3361000 7.383346
3381000 10.909337
3401000 8.242729
3421000 7.741420
3441000 7.967633
3461000 8.040181
3481000 11.808720
3501000 8.761691
3521000 8.095177
3541000 7.812126
3561000 10.196443
3581000 8.761852
3601000 8.580475
3621000 8.700054
3641000 7.795975
3661000 8.486295
3681000 8.591415
3701000 8.809342
3721000 8.763194
3741000 8.785516
3761000 8.954811
3781000 11.731246
3801000 9.671092
3821000 8.512715
3841000 11.873852
3861000 9.222513
3881000 8.134201
3901000 8.575322
3921000 11.375238
3941000 8.370483
3961000 8.204696
3981000 8.537502
4001000 8.435928
4021000 8.557561
4041000 8.407945
4061000 12.442773
4081000 12.004488
4101000 10.466421
4121000 8.713750
4141000 8.687720
4161000 10.059957
4181000 11.577195
4201000 8.928179
4221000 8.940363
4241000 9.722558
4261000 13.969586
4281000 9.240106
4301000 11.078399
4321000 11.013096
4341000 12.198616
4361000 10.148272
4381000 9.809484
4401000 10.438344
4421000 10.556814
4441000 10.979592
4461000 11.603975
4481000 10.100962
4501000 10.802002
4521000 9.752856
4541000 10.122643
4561000 10.549460
4581000 11.240965
4601000 14.171825
4621000 10.640272
4641000 10.485667
4661000 10.170111
4681000 10.335701
4701000 10.626326
4721000 10.827040
4741000 10.064963
4761000 10.025978
4781000 11.435804
4801000 10.510816
4821000 11.184043
4841000 12.802626
4861000 11.689430
4881000 10.811501
4901000 15.132511
4921000 11.126434
4941000 12.438910
4961000 11.913407
4981000 12.009462
5001000 12.196539
5021000 11.776125
5041000 12.495008
5061000 11.091255
5081000 13.285280
5101000 13.636285
5121000 12.333741
5141000 13.007979
5161000 13.445706
5181000 12.560481
5201000 12.372737
5221000 12.109802
5241000 12.310947
5261000 18.156380
5281000 15.118878
5301000 13.749908
5321000 12.344190
5341000 12.098742
5361000 12.029289
5381000 12.258106
5401000 12.582095
5421000 12.586193
5441000 12.187000
5461000 12.739917
5481000 12.499287
5501000 14.779187
5521000 15.736633
5541000 12.910704
5561000 14.832918
5581000 14.268822
5601000 15.251247
5621000 13.355864
5641000 12.305196
5661000 15.014056
5681000 18.090616
5701000 12.977391
5721000 13.575755
5741000 17.067796
5761000 15.020874
5781000 14.626294
5801000 15.429130
5821000 14.162909
5841000 16.319040
5861000 17.615659
5881000 17.577673
5901000 16.061257
5921000 15.749703
5941000 15.311173
5961000 15.499854
5981000 15.727348
6001000 15.619264
6021000 16.003338
6041000 15.023059
6061000 14.796640
6081000 15.211064
6101000 15.731896
6121000 16.564172
6141000 17.901245
6161000 16.204608
6181000 15.618991
6201000 16.074685
6221000 15.877206
6241000 15.868527
6261000 17.687899
6281000 16.586441
6301000 15.442614
6321000 15.725084
6341000 15.606397
6361000 15.206029
6381000 14.978067
6401000 14.787622
6421000 15.960524
6441000 14.779526
6461000 17.248336
6481000 19.032310
6501000 19.603369
6521000 19.587337
6541000 18.018443
6561000 16.558567
6581000 15.826088
6601000 15.663177
6621000 15.821639
6641000 18.051647
6661000 19.156284
6681000 17.654847
6701000 21.912630
6721000 18.948447
6741000 16.904239
6761000 15.345148
6781000 15.441873
6801000 15.565389
6821000 15.442444
6841000 15.304781
6861000 19.465749
6881000 15.587992
6901000 17.250571
6921000 16.520135
6941000 15.528057
6961000 16.250399
6981000 20.393419
7001000 16.995387
7021000 17.621229
7041000 21.173319
7061000 18.597956
7081000 18.115829
7101000 20.383317
7121000 18.447018
7141000 19.314621
7161000 18.365824
7181000 16.865525
7201000 18.436314
7221000 19.733207
7241000 18.565940
7261000 16.145698
7281000 18.658943
7301000 18.101648
7321000 16.161048
7341000 17.156621
7361000 18.507734
7381000 15.867707
7401000 20.710322
7421000 19.158943
7441000 19.366176
7461000 19.399125
7481000 17.454130
7501000 19.576097
7521000 17.965488
7541000 16.210513
7561000 18.261885
7581000 20.747480
7601000 19.200795
7621000 19.320308
7641000 19.757698
7661000 18.461616
7681000 20.671892
7701000 17.567777
7721000 17.749555
7741000 19.562511
7761000 18.285951
7781000 18.874763
7801000 17.019159
7821000 18.954591
7841000 19.452300
7861000 19.365574
7881000 19.267577
7901000 19.848063
7921000 19.902381
7941000 18.844088
7961000 17.566134
7981000 17.469169
8001000 18.287885
8021000 17.634685
8041000 19.592658
8061000 18.241856
8081000 17.660375
8101000 18.135172
8121000 20.028583
8141000 21.054985
8161000 19.395723
8181000 20.372038
8201000 20.971545
8221000 18.122839
8241000 18.443291
8261000 19.604170
8281000 18.014351
8301000 18.068985
8321000 18.738667
8341000 18.309916
8361000 18.355012
8381000 18.599189
8401000 17.726541
8421000 17.844126
8441000 18.042405
8461000 18.783615
8481000 18.209745
8501000 18.409457
8521000 18.914311
8541000 19.213113
8561000 18.823168
8581000 19.775835
8601000 19.633026
8621000 20.055624
8641000 24.328293
8661000 23.506581
8681000 21.660475
8701000 23.155126
8721000 22.395979
8741000 22.173002
8761000 21.712943
8781000 20.481091
8801000 20.323774
8821000 19.453372
8841000 19.479913
8861000 21.065374
8881000 20.184881
8901000 24.189388
8921000 22.750015
8941000 20.410383
8961000 19.761011
8981000 19.888825
9001000 22.855766
9021000 21.855725
9041000 22.396911
9061000 20.652024
9081000 20.337693
9101000 20.506506
9121000 20.450759
9141000 20.324358
9161000 20.476038
9181000 20.607529
9201000 23.970177
9221000 22.036792
9241000 22.497963
9261000 23.400539
9281000 24.336910
9301000 23.933798
9321000 21.544019
9341000 24.770859
9361000 20.608140
9381000 20.463164
9401000 20.907983
9421000 20.635062
9441000 20.701349
9461000 23.321547
9481000 22.151522
9501000 22.759133
9521000 21.960256
9541000 20.583774
9561000 23.016353
9581000 24.223142
9601000 24.187193
9621000 22.065918
9641000 21.754281
9661000 21.873940
9681000 21.115033
9701000 20.934414
9721000 25.994626
9741000 20.936952
9761000 20.911601
9781000 21.479396
9801000 21.071567
9821000 22.501146
9841000 23.241795
9861000 23.186370
9881000 21.865033
9901000 23.220866
9921000 25.346734
9941000 26.669115
9961000 24.749007
9981000 22.234189
