   1000 0.004418
  21000 0.068421
  41000 0.095513
  61000 0.141210
  81000 0.182979
 101000 0.227184
 121000 0.298862
 141000 0.437045
 161000 0.400496
 181000 0.487813
 201000 0.515366
 221000 0.575340
 241000 0.688907
 261000 0.695048
 281000 0.727110
 301000 0.774170
 321000 0.905241
 341000 0.890062
 361000 0.943244
 381000 1.070717
 401000 1.087359
 421000 1.105103
 441000 1.215043
 461000 1.218880
 481000 1.321075
 501000 1.393173
 521000 1.317429
 541000 1.263746
 561000 1.345893
 581000 2.185869
 601000 2.237719
 621000 1.700211
 641000 1.473917
 661000 1.551096
 681000 1.606191
 701000 1.682847
 721000 1.674000
 741000 1.738033
 761000 1.903820
 781000 2.175850
 801000 2.372284
 821000 2.102660
 841000 2.270390
 861000 2.160380
 881000 2.032586
 901000 2.313123
 921000 2.562839
 941000 2.595392
 961000 2.546869
 981000 3.835085
1001000 3.638477
1021000 2.856722
1041000 2.785917
1061000 2.776438
1081000 2.807438
1101000 3.082002
1121000 3.143029
1141000 3.116478
1161000 3.278197
1181000 3.185080
1201000 3.336980
1221000 3.167977
1241000 3.370935
1261000 3.390903
1281000 3.451759
1301000 3.521122
1321000 3.597699
1341000 3.518898
1361000 3.519018
1381000 3.661591
1401000 3.412675
1421000 3.569394
1441000 3.599582
1461000 3.753487
1481000 3.773956
1501000 3.782883
1521000 3.801408
1541000 3.861152
1561000 3.831325
1581000 3.819682
1601000 3.722086
1621000 3.771982
1641000 3.958829
1661000 3.854809
1681000 4.027450
1701000 4.103264
1721000 3.983576
1741000 4.110158
1761000 4.111961
1781000 4.271787
1801000 4.248242
1821000 4.320761
1841000 4.361518
1861000 4.394882
1881000 4.478713
1901000 4.397918
1921000 5.709046
1941000 6.787737
1961000 5.055326
1981000 4.558375
2001000 4.424058
2021000 4.413678
2041000 4.476248
2061000 4.894484
2081000 4.405272
2101000 4.365315
2121000 4.458434
2141000 4.531504
2161000 4.684927
2181000 4.470036
2201000 4.740353
2221000 4.716758
2241000 4.632186
2261000 4.853189
2281000 4.762916
2301000 4.748208
2321000 4.905589
2341000 4.946006
2361000 5.022562
2381000 5.021801
2401000 5.228890
2421000 5.150908
2441000 5.019917
2461000 7.429661
2481000 6.878200
2501000 7.770287
2521000 7.195176
2541000 5.404803
2561000 5.247864
2581000 5.522889
2601000 5.685400
2621000 5.398351
2641000 5.454799
2661000 5.609134
2681000 7.586675
2701000 7.526863
2721000 6.618003
2741000 6.782908
2761000 6.275525
2781000 5.791192
2801000 6.137945
2821000 5.981365
2841000 6.135491
2861000 7.150780
2881000 7.034930
2901000 7.162033
2921000 6.876146
2941000 7.248899
2961000 7.030691
2981000 7.392383
3001000 7.414816
3021000 7.890956
3041000 7.403584
3061000 7.408053
3081000 7.412535
3101000 7.377284
3121000 7.878219
3141000 8.396253
3161000 7.818638
3181000 7.810663
3201000 7.931624
3221000 7.772700
3241000 8.097782
3261000 7.429103
3281000 7.641570
3301000 7.568430
3321000 10.396510
3341000 9.968759
3361000 7.876309
3381000 8.020652
3401000 7.858825
3421000 7.788461
3441000 8.052979
3461000 7.894803
3481000 8.677756
3501000 8.671158
3521000 8.864507
3541000 9.198426
3561000 9.057697
3581000 8.982393
3601000 8.620932
3621000 8.585344
3641000 8.748556
3661000 8.728642
3681000 9.285680
3701000 8.147727
3721000 8.220827
3741000 8.066031
3761000 8.802307
3781000 9.745212
3801000 9.607770
3821000 9.719712
3841000 9.168268
3861000 9.292727
3881000 9.197525
3901000 9.067557
3921000 8.661610
3941000 8.831003
3961000 8.677791
3981000 8.863546
4001000 9.371887
4021000 9.557904
4041000 9.870972
4061000 9.670539
4081000 9.970513
4101000 10.303659
4121000 10.577833
4141000 10.279914
4161000 10.012643
4181000 9.944272
4201000 10.150186
4221000 10.320792
4241000 10.347503
4261000 10.942240
4281000 12.060057
4301000 12.305025
4321000 10.580880
4341000 10.419661
4361000 10.406306
4381000 10.698394
4401000 10.852769
4421000 10.742007
4441000 13.916650
4461000 11.414113
4481000 10.526946
4501000 10.423709
4521000 10.537927
4541000 10.506564
4561000 10.314620
4581000 10.221883
4601000 10.134205
4621000 11.573339
4641000 10.512618
4661000 10.737715
4681000 10.781202
4701000 10.752819
4721000 11.368547
4741000 13.790536
4761000 10.450710
4781000 10.498512
4801000 10.435121
4821000 10.584196
4841000 10.520975
4861000 10.173340
4881000 10.170024
4901000 10.043111
4921000 10.442495
4941000 10.439171
4961000 12.811290
4981000 11.575993
5001000 11.535014
5021000 10.852120
5041000 10.750985
5061000 10.704916
5081000 12.069796
5101000 11.744023
5121000 10.602581
5141000 13.057090
5161000 17.088030
5181000 13.640208
5201000 13.831364
5221000 13.575475
5241000 16.279495
5261000 13.461427
5281000 13.550009
5301000 13.170881
5321000 12.959708
5341000 12.165359
5361000 12.128257
5381000 14.214724
5401000 15.073402
5421000 15.885972
5441000 13.999615
5461000 12.729467
5481000 12.751176
5501000 12.181931
5521000 12.238138
5541000 12.171360
5561000 12.424544
5581000 13.196829
5601000 14.671441
5621000 12.872130
5641000 12.550515
5661000 12.594318
5681000 13.159599
5701000 12.946111
5721000 13.070820
5741000 15.364093
5761000 15.309660
5781000 15.139505
5801000 13.823028
5821000 13.041614
5841000 17.655376
5861000 14.476738
5881000 12.937164
5901000 14.918092
5921000 13.505912
5941000 13.259150
5961000 13.418675
5981000 14.228675
6001000 16.181205
6021000 14.413848
6041000 13.641912
6061000 13.674103
6081000 13.363620
6101000 13.725541
6121000 16.992537
6141000 17.653712
6161000 16.076489
6181000 16.504294
6201000 13.935203
6221000 13.981080
6241000 13.769475
6261000 13.901087
6281000 14.196762
6301000 14.238209
6321000 13.819150
6341000 14.005737
6361000 14.091371
6381000 14.857925
6401000 14.371807
6421000 14.851905
6441000 15.626767
6461000 15.815166
6481000 16.152141
6501000 16.666094
6521000 16.647000
6541000 19.702455
6561000 19.217552
6581000 16.371109
6601000 16.920039
6621000 17.747000
6641000 14.980010
6661000 15.095881
6681000 19.889598
6701000 15.858730
6721000 17.381481
6741000 15.687642
6761000 16.440562
6781000 15.884429
6801000 18.831303
6821000 17.627612
6841000 16.744614
6861000 17.183432
6881000 19.579023
6901000 15.442134
6921000 17.435375
6941000 14.994317
6961000 14.894437
6981000 15.805638
7001000 16.960205
7021000 15.417436
7041000 17.116605
7061000 15.336632
7081000 15.484769
7101000 17.695217
7121000 15.300433
7141000 18.381838
7161000 15.454387
7181000 15.431763
7201000 15.372400
7221000 16.170696
7241000 15.182176
7261000 16.126842
7281000 15.902043
7301000 16.077599
7321000 15.872586
7341000 16.643821
7361000 16.676043
7381000 17.347336
7401000 18.115873
7421000 18.528497
7441000 18.347595
7461000 18.965700
7481000 22.419365
7501000 19.181422
7521000 19.066202
7541000 18.701925
7561000 17.776647
7581000 16.862369
7601000 16.990143
7621000 17.280328
7641000 20.913485
7661000 17.893370
7681000 16.849952
7701000 16.847654
7721000 19.807096
7741000 20.586789
7761000 17.786416
7781000 18.206307
7801000 17.203190
7821000 21.127727
7841000 24.095935
7861000 22.268384
7881000 21.920082
7901000 22.010448
7921000 20.724015
7941000 21.123132
7961000 19.846905
7981000 18.607866
8001000 18.854588
8021000 19.551269
8041000 20.560282
8061000 20.682690
8081000 18.485883
8101000 18.550607
8121000 20.976087
8141000 20.142739
8161000 23.665186
8181000 21.618979
8201000 22.006564
8221000 22.739845
8241000 21.687848
8261000 21.184101
8281000 25.816588
8301000 21.150827
8321000 21.377982
8341000 24.678013
8361000 24.266625
8381000 25.706073
8401000 19.838168
8421000 23.788064
8441000 22.346181
8461000 21.120082
8481000 22.651322
8501000 19.840606
8521000 20.552204
8541000 24.688712
8561000 23.353519
8581000 21.312184
8601000 20.407056
8621000 19.411582
8641000 24.609430
8661000 23.393185
8681000 21.702402
8701000 22.020300
8721000 25.051950
8741000 22.322939
8761000 20.709444
8781000 23.923404
8801000 23.357020
8821000 22.689529
8841000 22.336785
8861000 23.064777
8881000 21.451593
8901000 22.513143
8921000 22.119009
8941000 23.071326
8961000 22.411047
8981000 23.629146
9001000 22.299233
9021000 22.559862
9041000 24.147910
9061000 21.865251
9081000 23.913039
9101000 25.281418
9121000 23.564221
9141000 20.721878
9161000 19.928621
9181000 20.880741
9201000 21.527576
9221000 20.511585
9241000 21.489474
9261000 22.988375
9281000 23.201328
9301000 23.416055
9321000 23.665557
9341000 23.167353
9361000 26.452847
9381000 25.012909
9401000 20.888616
9421000 21.407047
9441000 21.837029
9461000 21.210712
9481000 21.342634
9501000 23.460404
9521000 25.580085
9541000 24.331549
9561000 25.789135
9581000 22.675724
9601000 23.016986
9621000 22.737041
9641000 22.527570
9661000 24.528239
9681000 24.265643
9701000 24.218569
9721000 23.123934
9741000 20.641581
9761000 24.447489
9781000 21.831389
9801000 22.031602
9821000 25.106993
9841000 24.209278
9861000 23.264236
9881000 22.658120
9901000 20.705516
9921000 20.802121
9941000 20.513981
9961000 21.107104
9981000 20.794176
