   1000 0.007033
  21000 0.089882
  41000 0.163012
  61000 0.276529
  81000 0.275597
 101000 0.315323
 121000 0.446173
 141000 0.391078
 161000 0.379766
 181000 0.374757
 201000 0.467363
 221000 0.469367
 241000 0.496268
 261000 0.544200
 281000 0.587984
 301000 0.645093
 321000 0.702944
 341000 0.796503
 361000 0.853481
 381000 0.928194
 401000 1.562932
 421000 1.425496
 441000 1.154677
 461000 1.210505
 481000 1.430541
 501000 1.377754
 521000 1.169837
 541000 1.515067
 561000 1.436737
 581000 1.310656
 601000 1.358768
 621000 1.365361
 641000 1.365080
 661000 1.343739
 681000 1.462296
 701000 1.612733
 721000 1.604207
 741000 1.570132
 761000 1.542609
 781000 1.552108
 801000 1.769473
 821000 1.826191
 841000 1.792437
 861000 1.722504
 881000 1.986838
 901000 2.228771
 921000 2.379760
 941000 2.129211
 961000 2.125012
 981000 2.189466
1001000 2.203593
1021000 2.315417
1041000 2.321649
1061000 2.318433
1081000 2.318663
1101000 2.414045
1121000 2.422812
1141000 2.407643
1161000 4.622971
1181000 4.347632
1201000 4.193999
1221000 3.326640
1241000 4.942500
1261000 3.704603
1281000 3.429858
1301000 3.278337
1321000 3.195950
1341000 3.026927
1361000 2.992371
1381000 3.094627
1401000 3.211900
1421000 3.290942
1441000 3.227731
1461000 3.461828
1481000 3.396002
1501000 3.722227
1521000 3.704092
1541000 3.703450
1561000 3.664676
1581000 3.728348
1601000 3.645830
1621000 3.654036
1641000 3.722237
1661000 3.679195
1681000 3.803301
1701000 3.702018
1721000 3.687410
1741000 3.713239
1761000 4.002613
1781000 3.928651
1801000 3.923381
1821000 3.929122
1841000 4.306874
1861000 4.114483
1881000 3.954180
1901000 4.409470
1921000 4.662714
1941000 4.146818
1961000 4.180793
1981000 4.820256
2001000 5.503081
2021000 4.603771
2041000 4.370496
2061000 4.711067
2081000 4.389653
2101000 4.513139
2121000 4.531213
2141000 4.550069
2161000 4.583322
2181000 4.587361
2201000 4.626966
2221000 4.615204
2241000 4.642536
2261000 6.369036
2281000 7.694421
2301000 4.975042
2321000 5.798978
2341000 5.219048
2361000 5.177829
2381000 5.252742
2401000 5.424260
2421000 5.472323
2441000 5.385527
2461000 5.466100
2481000 5.641446
2501000 5.480728
2521000 5.549029
2541000 5.594957
2561000 5.687745
2581000 5.851811
2601000 6.097528
2621000 6.164826
2641000 6.009209
2661000 6.290175
2681000 6.958333
2701000 7.488528
2721000 6.778851
2741000 7.022215
2761000 7.388262
2781000 6.634848
2801000 6.394435
2821000 6.605409
2841000 8.611976
2861000 8.329405
2881000 6.436943
2901000 6.384527
2921000 6.613789
2941000 6.787928
2961000 9.225769
2981000 7.584982
3001000 6.562126
3021000 6.835897
3041000 6.952532
3061000 6.872309
3081000 6.765615
3101000 7.469070
3121000 9.152010
3141000 10.544881
3161000 6.947834
3181000 7.368806
3201000 7.475493
3221000 7.527685
3241000 8.328242
3261000 9.414620
3281000 8.370985
3301000 9.021658
3321000 9.011519
3341000 8.018861
3361000 7.754185
3381000 8.731921
3401000 8.043983
3421000 8.195990
3441000 7.703495
3461000 7.770205
3481000 7.890989
3501000 7.594119
3521000 7.777627
3541000 8.591465
3561000 8.485283
3581000 7.750989
3601000 8.180320
3621000 9.354576
3641000 8.079296
3661000 8.213383
3681000 8.506854
3701000 8.953478
3721000 8.301692
3741000 8.282345
3761000 8.151665
3781000 8.382085
3801000 9.303316
3821000 9.494001
3841000 8.197523
3861000 9.851337
3881000 11.928145
3901000 8.611734
3921000 8.748175
3941000 11.010901
3961000 10.297788
3981000 8.528656
4001000 8.963547
4021000 8.392516
4041000 8.523075
4061000 9.180944
4081000 12.493022
4101000 15.028255
4121000 8.877399
4141000 8.657823
4161000 9.314768
4181000 8.957846
4201000 8.831845
4221000 8.745590
4241000 8.915986
4261000 13.529426
4281000 10.424302
4301000 10.783366
4321000 12.365849
4341000 9.962547
4361000 10.052269
4381000 9.710014
4401000 9.885600
4421000 9.519120
4441000 10.215140
4461000 9.967527
4481000 9.862977
4501000 9.879388
4521000 9.844352
4541000 10.024565
4561000 10.294421
4581000 13.733237
4601000 9.819634
4621000 9.781611
4641000 9.767575
4661000 9.984940
4681000 9.925206
4701000 9.894718
4721000 10.097926
4741000 9.971044
4761000 10.161417
4781000 10.434740
4801000 10.538799
4821000 10.520775
4841000 10.694155
4861000 10.809576
4881000 12.314743
4901000 11.518402
4921000 13.054983
4941000 14.163088
4961000 10.779078
4981000 10.885402
5001000 10.966166
5021000 10.879070
5041000 11.750211
5061000 13.172164
5081000 14.226112
5101000 12.356173
5121000 10.851917
5141000 11.374898
5161000 11.512321
5181000 11.822322
5201000 11.490668
5221000 12.843703
5241000 11.943006
5261000 11.594637
5281000 12.023958
5301000 11.995173
5321000 12.732821
5341000 12.303662
5361000 16.523553
5381000 14.746742
5401000 14.969742
5421000 12.833677
5441000 12.992400
5461000 12.687337
5481000 12.862027
5501000 14.051935
5521000 12.248498
5541000 13.960420
5561000 12.796108
5581000 12.280849
5601000 12.546054
5621000 16.856650
5641000 15.361088
5661000 14.522626
5681000 14.052035
5701000 15.039210
5721000 15.091223
5741000 14.973110
5761000 15.241577
5781000 13.223912
5801000 13.720943
5821000 13.120625
5841000 13.211559
5861000 13.219164
5881000 13.599681
5901000 13.501894
5921000 15.234749
5941000 15.724391
5961000 14.638450
5981000 14.149379
6001000 14.326243
6021000 14.404980
6041000 14.505983
6061000 13.825573
6081000 14.275363
6101000 14.449866
6121000 13.883574
6141000 13.976471
6161000 14.340978
6181000 14.103093
6201000 14.511694
6221000 15.416832
6241000 14.720344
6261000 17.212498
6281000 14.699183
6301000 16.294371
6321000 16.608334
6341000 14.951808
6361000 16.554590
6381000 16.237424
6401000 16.166208
6421000 15.927622
6441000 15.806738
6461000 14.273059
6481000 15.647064
6501000 19.751947
6521000 15.728759
6541000 16.319504
6561000 15.559134
6581000 15.245898
6601000 15.947209
6621000 17.947123
6641000 16.020419
6661000 18.541922
6681000 16.501740
6701000 15.403600
6721000 15.175060
6741000 16.435313
6761000 16.339278
6781000 16.675575
6801000 16.099025
6821000 16.604610
6841000 20.409217
6861000 18.647852
6881000 16.990143
6901000 21.050034
6921000 19.676089
6941000 18.623055
6961000 19.104668
6981000 19.392236
7001000 18.087919
7021000 17.935393
7041000 19.964316
7061000 18.729232
7081000 19.422603
7101000 18.411398
7121000 18.543032
7141000 17.566966
7161000 17.896288
7181000 17.763171
7201000 22.106933
7221000 17.121808
7241000 17.082230
7261000 16.431565
7281000 16.263323
7301000 15.895177
7321000 16.677715
7341000 17.585331
7361000 15.888567
7381000 15.978489
7401000 20.285433
7421000 16.846969
7441000 16.395756
7461000 16.688516
7481000 19.196342
7501000 22.301019
7521000 19.946415
7541000 17.999711
7561000 18.436141
7581000 19.377117
7601000 18.046550
7621000 18.937947
7641000 19.744090
7661000 20.014062
7681000 17.524084
7701000 23.028360
7721000 18.851522
7741000 19.046872
7761000 19.148679
7781000 19.722568
7801000 18.327420
7821000 20.281870
7841000 18.396131
7861000 18.117558
7881000 24.324805
7901000 18.905015
7921000 22.756865
7941000 22.231925
7961000 19.547222
7981000 18.172113
8001000 23.409734
8021000 18.750859
8041000 19.799224
8061000 23.750160
8081000 21.610319
8101000 21.602440
8121000 21.352744
8141000 21.899408
8161000 21.245296
8181000 24.652142
8201000 21.717852
8221000 21.719736
8241000 23.846515
8261000 20.713211
8281000 19.864248
8301000 19.880799
8321000 19.516894
8341000 22.839616
8361000 18.732812
8381000 20.164111
8401000 20.324661
8421000 21.265868
8441000 20.830736
8461000 19.049357
8481000 19.050812
8501000 21.229207
8521000 22.325537
8541000 23.218881
8561000 19.200707
8581000 21.221031
8601000 24.796729
8621000 20.129676
8641000 19.556229
8661000 20.264433
8681000 19.612216
8701000 19.336279
8721000 20.196876
8741000 18.587407
8761000 18.891919
8781000 23.432450
8801000 19.586016
8821000 19.728609
8841000 22.303651
8861000 26.005297
8881000 22.113378
8901000 20.681971
8921000 21.089143
8941000 21.190343
8961000 21.525694
8981000 21.063831
9001000 19.934242
9021000 19.750411
9041000 19.876458
9061000 19.868957
9081000 26.036518
9101000 19.675647
9121000 21.983970
9141000 25.858972
9161000 28.041171
9181000 21.467834
9201000 23.785883
9221000 26.712602
9241000 23.033417
9261000 23.142375
9281000 21.244477
9301000 23.451436
9321000 23.022777
9341000 21.547496
9361000 23.581845
9381000 23.958209
9401000 23.423870
9421000 22.592033
9441000 25.683615
9461000 23.009271
9481000 21.449189
9501000 21.445731
9521000 22.174547
9541000 24.599829
9561000 21.092115
9581000 23.113930
9601000 27.942893
9621000 26.277542
9641000 24.018601
9661000 23.384358
9681000 24.602265
9701000 25.269593
9721000 23.926434
9741000 21.402600
9761000 22.650278
9781000 22.914670
9801000 22.993991
9821000 23.928616
9841000 23.559784
9861000 25.846725
9881000 24.218917
9901000 25.208963
9921000 23.779563
9941000 20.865723
9961000 26.953122
9981000 22.855748
