   1000 0.002765
  21000 0.053402
  41000 0.098308
  61000 0.151229
  81000 0.211695
 101000 0.259526
 121000 0.418831
 141000 0.377882
 161000 0.339439
 181000 0.379876
 201000 0.446123
 221000 0.475389
 241000 0.510666
 261000 0.549481
 281000 0.596530
 301000 0.644202
 321000 0.808754
 341000 0.739814
 361000 0.767217
 381000 0.942662
 401000 0.910160
 421000 0.896113
 441000 0.939326
 461000 0.999692
 481000 1.020160
 501000 1.071118
 521000 1.030390
 541000 1.084053
 561000 1.158966
 581000 1.152884
 601000 1.299124
 621000 1.350512
 641000 1.438701
 661000 1.567808
 681000 1.453930
 701000 1.508724
 721000 1.497874
 741000 1.539403
 761000 1.659233
 781000 1.608184
 801000 1.610068
 821000 1.656907
 841000 1.903410
 861000 1.855347
 881000 1.918418
 901000 1.976780
 921000 1.930511
 941000 1.912757
 961000 2.150171
 981000 2.086880
1001000 2.222219
1021000 2.393626
1041000 2.544875
1061000 2.535087
1081000 2.489429
1101000 2.553532
1121000 2.615601
1141000 2.688680
1161000 2.699822
1181000 2.730580
1201000 2.802327
1221000 2.929951
1241000 2.713468
1261000 3.019122
1281000 3.211120
1301000 3.240756
1321000 3.299218
1341000 3.387296
1361000 3.377818
1381000 3.431711
1401000 3.507386
1421000 3.626052
1441000 3.531251
1461000 3.151795
1481000 3.058989
1501000 3.213444
1521000 3.180060
1541000 3.416061
1561000 3.183968
1581000 3.422624
1601000 3.324727
1621000 3.565901
1641000 4.056736
1661000 4.032139
1681000 4.377920
1701000 4.337883
1721000 4.674237
1741000 4.598662
1761000 4.477240
1781000 4.152449
1801000 4.191845
1821000 4.317535
1841000 4.317034
1861000 4.596107
1881000 4.672634
1901000 4.942179
1921000 5.259823
1941000 5.092576
1961000 5.248244
1981000 4.890721
2001000 4.627668
2021000 4.660029
2041000 4.814128
2061000 5.400846
2081000 5.337615
2101000 5.577664
2121000 5.744914
2141000 5.784268
2161000 5.992176
2181000 6.003448
2201000 5.838443
2221000 5.980944
2241000 6.015982
2261000 6.175728
2281000 5.334829
2301000 5.416105
2321000 5.634112
2341000 5.998970
2361000 6.007004
2381000 6.319752
2401000 6.686634
2421000 7.203873
2441000 7.255101
2461000 7.506201
2481000 6.164846
2501000 6.363306
2521000 6.590771
2541000 6.506099
2561000 6.461704
2581000 6.652519
2601000 6.540144
2621000 6.967561
2641000 6.570943
2661000 6.736035
2681000 6.740657
2701000 6.645395
2721000 5.977939
2741000 6.161620
2761000 6.116013
2781000 6.129379
2801000 6.048244
2821000 6.147132
2841000 7.136223
2861000 7.334583
2881000 6.771927
2901000 6.523742
2921000 6.414393
2941000 6.450222
2961000 6.582175
2981000 6.486201
3001000 6.697394
3021000 6.644434
3041000 6.700791
3061000 6.839787
3081000 6.868712
3101000 7.618525
3121000 7.775927
3141000 7.419766
3161000 7.213321
3181000 7.491232
3201000 7.112709
3221000 7.326157
3241000 7.353158
3261000 7.584640
3281000 7.278015
3301000 7.185939
3321000 7.568621
3341000 7.281421
3361000 7.347668
3381000 7.365723
3401000 8.621032
3421000 7.550025
3441000 8.807419
3461000 8.337000
3481000 7.792829
3501000 7.840250
3521000 7.825090
3541000 7.696034
3561000 8.989787
3581000 9.796680
3601000 8.009523
3621000 8.005155
3641000 8.017639
3661000 8.114103
3681000 8.133630
3701000 8.536101
3721000 8.768695
3741000 8.583781
3761000 8.504850
3781000 8.549996
3801000 8.712387
3821000 8.792150
3841000 8.625461
3861000 8.863266
3881000 8.776890
3901000 8.716154
3921000 9.141079
3941000 9.500574
3961000 9.546362
3981000 9.525782
4001000 9.267205
4021000 9.156566
4041000 9.222472
4061000 9.171114
4081000 9.240066
4101000 9.390063
4121000 9.362259
4141000 9.322774
4161000 9.525000
4181000 9.551150
4201000 9.552954
4221000 9.551551
4241000 10.037711
4261000 10.279012
4281000 10.121601
4301000 10.036688
4321000 9.943690
4341000 9.272217
4361000 9.456379
4381000 9.030986
4401000 10.108155
4421000 9.318586
4441000 9.321492
4461000 9.811428
4481000 9.467761
4501000 10.829816
4521000 10.980153
4541000 11.024828
4561000 11.445194
4581000 10.615746
4601000 10.487781
4621000 10.418529
4641000 13.773660
4661000 11.656475
4681000 10.191775
4701000 10.375386
4721000 10.484545
4741000 10.362973
4761000 10.654160
4781000 10.850966
4801000 10.736066
4821000 10.660732
4841000 10.928765
4861000 10.581371
4881000 12.198322
4901000 11.723213
4921000 10.949293
4941000 12.678609
4961000 12.740419
4981000 12.492252
5001000 12.137575
5021000 12.958265
5041000 12.949297
5061000 11.370950
5081000 11.088079
5101000 11.288472
5121000 11.234539
5141000 11.676705
5161000 11.424793
5181000 11.434731
5201000 13.065209
5221000 13.273148
5241000 12.822255
5261000 13.568204
5281000 14.015784
5301000 13.724038
5321000 12.747041
5341000 12.932665
5361000 13.171635
5381000 14.406834
5401000 14.777293
5421000 14.197654
5441000 13.833338
5461000 12.992026
5481000 13.052054
5501000 12.947815
5521000 12.920523
5541000 12.705722
5561000 12.714719
5581000 15.035375
5601000 14.376807
5621000 12.106386
5641000 12.322589
5661000 12.294866
5681000 12.428020
5701000 12.655155
5721000 12.471624
5741000 12.496491
5761000 12.592425
5781000 12.787318
5801000 12.675274
5821000 12.759865
5841000 12.896938
5861000 12.600711
5881000 12.889674
5901000 13.016656
5921000 13.051433
5941000 13.315027
5961000 15.018434
5981000 13.001287
6001000 12.956402
6021000 13.493628
6041000 13.998114
6061000 15.038581
6081000 15.260276
6101000 15.067998
6121000 13.563331
6141000 13.309726
6161000 16.636608
6181000 15.776994
6201000 14.666491
6221000 14.540911
6241000 15.516375
6261000 15.944524
6281000 15.608211
6301000 14.292055
6321000 15.816068
6341000 16.357133
6361000 17.230902
6381000 13.862253
6401000 15.508901
6421000 16.196527
6441000 14.727796
6461000 14.115487
6481000 14.656671
6501000 14.316822
6521000 14.541893
6541000 14.482619
6561000 14.426662
6581000 16.190054
6601000 16.213818
6621000 16.436014
6641000 16.188420
6661000 14.241999
6681000 16.488424
6701000 14.292235
6721000 16.395657
6741000 14.515412
6761000 16.430092
6781000 14.567752
6801000 16.210081
6821000 14.914084
6841000 16.165366
6861000 20.896230
6881000 14.785218
6901000 14.594714
6921000 14.677552
6941000 14.772804
6961000 14.640661
6981000 14.666220
7001000 15.469686
7021000 15.856986
7041000 17.863237
7061000 17.829645
7081000 17.042564
7101000 15.340558
7121000 14.912090
7141000 14.926157
7161000 15.107243
7181000 15.139194
7201000 15.157179
7221000 16.730476
7241000 15.428628
7261000 20.769220
7281000 15.970574
7301000 19.894364
7321000 16.648580
7341000 16.733923
7361000 16.988249
7381000 19.198435
7401000 19.426134
7421000 20.708799
7441000 18.169237
7461000 18.250453
7481000 18.139501
7501000 18.258729
7521000 18.240113
7541000 18.456567
7561000 18.508627
7581000 18.273457
7601000 18.547902
7621000 17.783220
7641000 17.924961
7661000 17.795362
7681000 19.549366
7701000 19.506014
7721000 20.109727
7741000 19.361146
7761000 20.788268
7781000 21.091855
7801000 21.943574
7821000 21.019894
7841000 19.442265
7861000 23.011261
7881000 22.773112
7901000 22.398020
7921000 21.062128
7941000 19.529668
7961000 21.757889
7981000 21.989400
8001000 20.161486
8021000 21.565925
8041000 23.020683
8061000 23.124400
8081000 21.814086
8101000 17.851691
8121000 17.975998
8141000 19.270072
8161000 19.947177
8181000 20.519989
8201000 20.018753
8221000 19.168678
8241000 20.500297
8261000 20.084018
8281000 20.809926
8301000 19.537524
8321000 19.565096
8341000 19.656280
8361000 19.972425
8381000 18.472758
8401000 18.568891
8421000 18.879144
8441000 18.497956
8461000 18.993703
8481000 20.291836
8501000 21.350550
8521000 24.669552
8541000 20.542534
8561000 22.086500
8581000 22.974151
8601000 21.287880
8621000 22.001303
8641000 25.254567
8661000 26.024242
8681000 22.313791
8701000 21.064603
8721000 19.905667
8741000 22.542542
8761000 22.658671
8781000 21.655820
8801000 19.057886
8821000 20.246458
8841000 19.422864
8861000 23.998512
8881000 19.721174
8901000 23.842243
8921000 22.834667
8941000 21.512539
8961000 23.285490
8981000 21.700247
9001000 19.720864
9021000 23.646523
9041000 21.397596
9061000 19.223362
9081000 19.293166
9101000 21.968735
9121000 27.360970
9141000 23.942014
9161000 25.058255
9181000 22.935981
9201000 21.314050
9221000 24.072944
9241000 22.015121
9261000 22.932785
9281000 21.871516
9301000 23.053073
9321000 20.926259
9341000 23.137676
9361000 20.153410
9381000 20.030967
9401000 20.221190
9421000 20.187385
9441000 20.353333
9461000 20.184911
9481000 20.513920
9501000 25.305425
9521000 21.436925
9541000 21.890158
9561000 20.912672
9581000 25.758155
9601000 25.449326
9621000 26.445861
9641000 23.766202
9661000 25.302045
9681000 24.911548
9701000 25.084619
9721000 24.292204
9741000 25.439928
9761000 24.404448
9781000 25.890686
9801000 21.918215
9821000 22.468907
9841000 25.547277
9861000 25.391071
9881000 26.653789
9901000 23.739217
9921000 23.832595
9941000 23.344853
9961000 24.041114
9981000 22.878971
