1000	0.00341330
21000	0.06100670
41000	0.10291490
61000	0.15581600
81000	0.19906840
101000	0.24657530
121000	0.30973730
141000	0.33998410
161000	0.36070550
181000	0.41005290
201000	0.47688380
221000	0.50072550
241000	0.54302620
261000	0.57369080
281000	0.62386070
301000	0.65578590
321000	0.72550970
341000	0.81119010
361000	0.81079530
381000	0.90577140
401000	0.98327840
421000	1.02818180
441000	1.12423550
461000	1.25995880
481000	1.23248090
501000	1.22699460
521000	1.22786370
541000	1.30043920
561000	1.34430390
581000	1.41393830
601000	1.45786840
621000	1.50190160
641000	1.47424720
661000	1.52929700
681000	1.61646870
701000	1.65190390
721000	1.62877980
741000	1.67644710
761000	1.71574640
781000	1.83263970
801000	1.84185140
821000	1.84208870
841000	1.89854670
861000	1.92941400
881000	2.08018700
901000	2.15631970
921000	2.21227060
941000	2.22225680
961000	2.34480900
981000	2.40401300
1001000	2.50690400
1021000	2.42062010
1041000	2.41779370
1061000	2.45139890
1081000	2.52865710
1101000	2.64874520
1121000	2.69550850
1141000	2.83246660
1161000	3.02880090
1181000	3.28161650
1201000	3.12154390
1221000	2.99469630
1241000	3.06671240
1261000	3.07482230
1281000	3.18277610
1301000	3.09554530
1321000	3.12262810
1341000	3.16494620
1361000	3.12911240
1381000	3.16677560
1401000	3.23108260
1421000	3.46105940
1441000	3.60139490
1461000	3.62152870
1481000	3.52579500
1501000	3.54797200
1521000	3.66098240
1541000	3.66416440
1561000	3.55991020
1581000	3.54819160
1601000	3.60338400
1621000	3.81385720
1641000	3.87333750
1661000	3.77085250
1681000	4.25980030
1701000	4.29984170
1721000	4.23937250
1741000	4.30311800
1761000	4.10285530
1781000	3.98472120
1801000	3.98323380
1821000	4.02069820
1841000	4.04420100
1861000	4.14878960
1881000	4.20480310
1901000	4.28447550
1921000	4.54627030
1941000	4.77021150
1961000	4.63642870
1981000	4.56711570
2001000	4.49642250
2021000	4.51680690
2041000	4.76522400
2061000	4.68668720
2081000	4.71934990
2101000	4.84510490
2121000	5.08260020
2141000	5.24868480
2161000	5.10117850
2181000	5.00142320
2201000	5.32297600
2221000	6.04227700
2241000	5.07465220
2261000	6.36519660
2281000	5.33329680
2301000	5.39609780
2321000	6.56288400
2341000	6.44201240
2361000	6.25552380
2381000	5.59051310
2401000	5.67667170
2421000	5.84904930
2441000	5.61327090
2461000	6.36578300
2481000	5.59557610
2501000	5.76066690
2521000	5.90901400
2541000	5.74365200
2561000	6.00163460
2581000	6.10841580
2601000	6.28959370
2621000	5.97727500
2641000	6.01629460
2661000	6.03347260
2681000	6.60767230
2701000	6.42520070
2721000	6.11727940
2741000	6.46821190
2761000	6.32204030
2781000	6.34467140
2801000	6.43610170
2821000	6.20682270
2841000	6.82186860
2861000	7.07495540
2881000	6.52197180
2901000	6.80502630
2921000	6.89241190
2941000	6.97057840
2961000	7.40434320
2981000	6.68134570
3001000	7.26094070
3021000	7.11108430
3041000	7.33489330
3061000	7.05290110
3081000	7.59258350
3101000	7.83133060
3121000	7.71589830
3141000	7.52957380
3161000	7.15477570
3181000	7.14832240
3201000	8.04984780
3221000	7.43960420
3241000	7.85320840
3261000	7.78629950
3281000	7.70127440
3301000	8.03681110
3321000	7.81307900
3341000	7.98164340
3361000	7.78729730
3381000	8.04885960
3401000	7.81414180
3421000	7.80377470
3441000	8.27055050
3461000	7.91800770
3481000	8.38643680
3501000	7.97460750
3521000	7.96196520
3541000	8.12232480
3561000	8.55272130
3581000	8.55936310
3601000	8.30989390
3621000	8.48591070
3641000	8.89105950
3661000	9.34207030
3681000	8.59137310
3701000	8.80494530
3721000	8.76392120
3741000	8.68972860
3761000	8.76355600
3781000	9.05465700
3801000	8.74085680
3821000	8.82478170
3841000	8.89336100
3861000	9.08820700
3881000	9.39828760
3901000	8.68368480
3921000	9.50367650
3941000	9.35049560
3961000	9.15388030
3981000	8.97888920
4001000	9.29229120
4021000	9.26040140
4041000	9.32963210
4061000	9.95242140
4081000	10.32597240
4101000	10.37100130
4121000	9.63527420
4141000	9.25764560
4161000	9.52085110
4181000	9.65278250
4201000	9.58021810
4221000	9.97685720
4241000	10.40329120
4261000	10.77283980
4281000	10.06832580
4301000	10.22252850
4321000	10.65692390
4341000	10.24292990
4361000	9.97068130
4381000	9.86506520
4401000	10.16905790
4421000	10.25821500
4441000	10.64946970
4461000	10.80582000
4481000	10.11842310
4501000	10.54584840
4521000	10.35210740
4541000	10.68691510
4561000	11.29493780
4581000	11.39918790
4601000	10.61652530
4621000	10.49677000
4641000	10.90538910
4661000	11.69647650
4681000	11.27318260
4701000	10.96142710
4721000	11.22066950
4741000	10.65556170
4761000	11.06766980
4781000	10.49750000
4801000	10.60193880
4821000	10.62631740
4841000	11.80799530
4861000	11.40398800
4881000	11.36596600
4901000	11.21154020
4921000	11.33932120
4941000	12.15034060
4961000	11.93574430
4981000	11.72857260
5001000	11.60500230
5021000	11.67375530
5041000	12.02942690
5061000	11.62770000
5081000	12.12386250
5101000	12.44010230
5121000	11.47638840
5141000	11.61968410
5161000	13.38438550
5181000	12.80556830
5201000	12.45426130
5221000	12.87334840
5241000	12.80745600
5261000	13.37867740
5281000	12.80241870
5301000	12.56972140
5321000	12.27318650
5341000	12.31973140
5361000	12.98649140
5381000	13.07672640
5401000	13.27015460
5421000	13.63928800
5441000	13.18851380
5461000	13.05902510
5481000	12.76362110
5501000	13.45741920
5521000	12.64665650
5541000	13.15289580
5561000	13.38887950
5581000	13.19362750
5601000	14.09613060
5621000	13.49676420
5641000	13.33008270
5661000	13.37314910
5681000	13.63928840
5701000	13.20673920
5721000	12.99986320
5741000	13.79234450
5761000	13.48675830
5781000	13.72396260
5801000	13.41581610
5821000	13.68242740
5841000	13.89209340
5861000	14.35818690
5881000	13.49907090
5901000	13.62081030
5921000	13.45997590
5941000	13.78245110
5961000	14.01129510
5981000	13.76311340
6001000	14.38431440
6021000	14.82015750
6041000	14.51387710
6061000	14.32279600
6081000	14.19080980
6101000	14.11102870
6121000	14.58681690
6141000	14.72736560
6161000	14.87809820
6181000	15.16277920
6201000	14.94923890
6221000	14.54955790
6241000	14.53909700
6261000	15.74364190
6281000	14.73401620
6301000	14.36095510
6321000	14.45941900
6341000	14.87445270
6361000	14.70264350
6381000	14.76130090
6401000	15.19701520
6421000	15.44435170
6441000	14.88891520
6461000	14.63424870
6481000	15.56295350
6501000	15.89754270
6521000	15.36211540
6541000	16.18117650
6561000	15.47424640
6581000	15.75067130
6601000	15.92293150
6621000	16.00852740
6641000	15.45245550
6661000	16.39134680
6681000	16.84140590
6701000	16.67148220
6721000	16.49715440
6741000	16.00028630
6761000	15.63007080
6781000	15.73177170
6801000	16.58395960
6821000	16.05847170
6841000	16.74597160
6861000	17.76196770
6881000	16.36303470
6901000	16.40968360
6921000	16.53025460
6941000	15.74570770
6961000	16.51692330
6981000	16.95882930
7001000	16.20608410
7021000	18.37626120
7041000	17.81808100
7061000	16.52989590
7081000	16.85884260
7101000	17.19590040
7121000	16.63206220
7141000	16.67941480
7161000	16.20897470
7181000	16.41448510
7201000	17.38929930
7221000	16.81193090
7241000	17.04723390
7261000	17.65697980
7281000	16.41192040
7301000	17.53014080
7321000	16.64999550
7341000	17.06811270
7361000	17.07292400
7381000	17.17474340
7401000	18.24120060
7421000	18.12905210
7441000	17.64310510
7461000	17.50633680
7481000	17.59215880
7501000	18.61349190
7521000	18.62280440
7541000	18.26164060
7561000	19.97253830
7581000	19.72248650
7601000	17.83031020
7621000	18.94256530
7641000	18.72811110
7661000	18.73098630
7681000	18.83752140
7701000	21.06277190
7721000	19.14376220
7741000	18.79932180
7761000	18.86001860
7781000	18.76041440
7801000	19.02323310
7821000	19.87874930
7841000	20.86512330
7861000	20.29970760
7881000	20.44276540
7901000	19.46454130
7921000	19.23729660
7941000	19.33961150
7961000	18.66260940
7981000	19.77487350
8001000	19.69112290
8021000	19.53108660
8041000	19.74791820
8061000	20.20066890
8081000	19.38000600
8101000	20.08361140
8121000	19.69785820
8141000	19.86727860
8161000	20.04436330
8181000	21.29440270
8201000	20.68682610
8221000	20.79988400
8241000	19.86988140
8261000	20.14357080
8281000	20.15491580
8301000	19.48216700
8321000	19.47914430
8341000	20.54780250
8361000	19.49745080
8381000	19.88510710
8401000	18.79755640
8421000	19.98517830
8441000	20.67336200
8461000	19.90000730
8481000	19.44590380
8501000	19.84873390
8521000	20.42863700
8541000	20.57765550
8561000	20.53772040
8581000	21.09549580
8601000	20.96209820
8621000	21.02304080
8641000	22.45548860
8661000	22.01723990
8681000	20.87136290
8701000	20.40112630
8721000	21.20635030
8741000	20.93568000
8761000	21.50902170
8781000	21.70201380
8801000	20.72173710
8821000	20.75100040
8841000	21.30040430
8861000	21.56519230
8881000	20.46593800
8901000	21.60740350
8921000	21.01832700
8941000	21.16690230
8961000	20.92668440
8981000	20.98233050
9001000	21.98852050
9021000	21.58681660
9041000	22.67101210
9061000	20.54073000
9081000	21.37342140
9101000	21.80479470
9121000	22.23196690
9141000	21.88011180
9161000	21.90452550
9181000	21.12487790
9201000	21.78876090
9221000	21.76403650
9241000	21.33992500
9261000	21.54918490
9281000	21.49395030
9301000	22.22532840
9321000	21.50539920
9341000	22.37270550
9361000	21.69274120
9381000	22.34823250
9401000	21.80110430
9421000	22.33188540
9441000	21.92898150
9461000	22.47244980
9481000	21.70829000
9501000	22.35755750
9521000	22.03444790
9541000	23.48774290
9561000	22.15168080
9581000	22.19781060
9601000	23.70113550
9621000	23.51475970
9641000	22.12571960
9661000	22.90716210
9681000	23.66914240
9701000	22.80023660
9721000	23.85168440
9741000	22.15435750
9761000	22.33317570
9781000	22.72298800
9801000	21.52359570
9821000	23.17119190
9841000	22.80348860
9861000	24.09274000
9881000	23.16392440
9901000	22.78970720
9921000	23.31072380
9941000	23.40787960
9961000	24.33621000
9981000	23.03729040