   1000 0.000371
  21000 0.000772
  41000 0.000511
  61000 0.000632
  81000 0.000571
 101000 0.000651
 121000 0.000491
 141000 0.000711
 161000 0.000591
 181000 0.000641
 201000 0.000601
 221000 0.000731
 241000 0.000681
 261000 0.000661
 281000 0.000491
 301000 0.000712
 321000 0.000581
 341000 0.000651
 361000 0.000541
 381000 0.000761
 401000 0.000612
 421000 0.000621
 441000 0.000511
 461000 0.000631
 481000 0.000521
 501000 0.000671
 521000 0.000461
 541000 0.000842
 561000 0.000531
 581000 0.000792
 601000 0.000801
 621000 0.000662
 641000 0.000521
 661000 0.000531
 681000 0.000461
 701000 0.000611
 721000 0.000521
 741000 0.000641
 761000 0.000601
 781000 0.000602
 801000 0.000441
 821000 0.000781
 841000 0.000451
 861000 0.000652
 881000 0.000410
 901000 0.000591
 921000 0.000551
 941000 0.000571
 961000 0.000471
 981000 0.000461
1001000 0.000391
1021000 0.000792
1041000 0.000521
1061000 0.000681
1081000 0.000731
1101000 0.000521
1121000 0.000431
1141000 0.000541
1161000 0.000401
1181000 0.000722
1201000 0.000441
1221000 0.000521
1241000 0.000431
1261000 0.000651
1281000 0.000441
1301000 0.000521
1321000 0.000441
1341000 0.000651
1361000 0.000401
1381000 0.000732
1401000 0.000461
1421000 0.000571
1441000 0.000501
1461000 0.000611
1481000 0.000431
1501000 0.000531
1521000 0.000582
1541000 0.000611
1561000 0.000421
1581000 0.000631
1601000 0.000431
1621000 0.000591
1641000 0.000420
1661000 0.000531
1681000 0.000400
1701000 0.000521
1721000 0.000441
1741000 0.000531
1761000 0.000451
1781000 0.000541
1801000 0.000641
1821000 0.000551
1841000 0.000410
1861000 0.000742
1881000 0.000461
1901000 0.000551
1921000 0.000431
1941000 0.000481
1961000 0.000431
1981000 0.000601
2001000 0.000441
2021000 0.000562
2041000 0.000531
2061000 0.000531
2081000 0.000381
2101000 0.000551
2121000 0.000471
2141000 0.000481
2161000 0.000441
2181000 0.000541
2201000 0.000521
2221000 0.000692
2241000 0.000461
2261000 0.000471
2281000 0.000471
2301000 0.000631
2321000 0.000561
2341000 0.000571
2361000 0.000461
2381000 0.000521
2401000 0.000521
2421000 0.000531
2441000 0.000581
2461000 0.000591
2481000 0.000461
2501000 0.000511
2521000 0.000431
2541000 0.000611
2561000 0.000461
2581000 0.000571
2601000 0.000501
2621000 0.000571
2641000 0.000521
2661000 0.000611
2681000 0.000521
2701000 0.000552
2721000 0.000431
2741000 0.000511
2761000 0.000441
2781000 0.000521
2801000 0.000511
2821000 0.000591
2841000 0.000441
2861000 0.000592
2881000 0.000491
2901000 0.000531
2921000 0.000711
2941000 0.000732
2961000 0.000481
2981000 0.000691
3001000 0.000441
3021000 0.000521
3041000 0.000440
3061000 0.000531
3081000 0.000441
3101000 0.000601
3121000 0.000531
3141000 0.000521
3161000 0.000511
3181000 0.000682
3201000 0.000571
3221000 0.000491
3241000 0.000391
3261000 0.000521
3281000 0.000391
3301000 0.000752
3321000 0.000481
3341000 0.000611
3361000 0.000431
3381000 0.000511
3401000 0.000371
3421000 0.000601
3441000 0.000341
3461000 0.000531
3481000 0.000421
3501000 0.000501
3521000 0.000451
3541000 0.000421
3561000 0.000421
3581000 0.000651
3601000 0.000360
3621000 0.000501
3641000 0.000471
3661000 0.000592
3681000 0.000411
3701000 0.000551
3721000 0.000351
3741000 0.000641
3761000 0.000411
3781000 0.000441
3801000 0.000381
3821000 0.000501
3841000 0.000401
3861000 0.000461
3881000 0.000451
3901000 0.000531
3921000 0.000371
3941000 0.000531
3961000 0.000511
3981000 0.000521
4001000 0.000521
4021000 0.000501
4041000 0.000591
4061000 0.000461
4081000 0.000401
4101000 0.000511
4121000 0.000431
4141000 0.000471
4161000 0.000461
4181000 0.000571
4201000 0.000421
4221000 0.000521
4241000 0.000521
4261000 0.000511
4281000 0.000371
4301000 0.000561
4321000 0.000491
4341000 0.000501
4361000 0.000451
4381000 0.000541
4401000 0.000361
4421000 0.000461
4441000 0.000400
4461000 0.000481
4481000 0.000410
4501000 0.000581
4521000 0.000411
4541000 0.000431
4561000 0.000441
4581000 0.000491
4601000 0.000481
4621000 0.000551
4641000 0.000381
4661000 0.000511
4681000 0.000381
4701000 0.000621
4721000 0.000511
4741000 0.000471
4761000 0.000371
4781000 0.000611
4801000 0.000350
4821000 0.000491
4841000 0.000411
4861000 0.000511
4881000 0.000692
4901000 0.000441
4921000 0.000381
4941000 0.000561
4961000 0.000381
4981000 0.000541
5001000 0.016622
5021000 0.003917
5041000 0.001763
5061000 0.001713
5081000 0.001402
5101000 0.002165
5121000 0.001543
5141000 0.003427
5161000 0.001192
5181000 0.001764
5201000 0.001673
5221000 0.001383
5241000 0.001763
5261000 0.001503
5281000 0.002234
5301000 0.001613
5321000 0.001273
5341000 0.001473
5361000 0.002024
5381000 0.001472
5401000 0.001082
5421000 0.001272
5441000 0.001283
5461000 0.000982
5481000 0.001773
5501000 0.001823
5521000 0.001313
5541000 0.001282
5561000 0.000992
5581000 0.001283
5601000 0.001333
5621000 0.001442
5641000 0.001002
5661000 0.002895
5681000 0.001052
5701000 0.001282
5721000 0.000792
5741000 0.001202
5761000 0.000792
5781000 0.001002
5801000 0.000922
5821000 0.001052
5841000 0.000982
5861000 0.000802
5881000 0.000821
5901000 0.001193
5921000 0.000852
5941000 0.000871
5961000 0.000822
5981000 0.001152
6001000 0.000961
6021000 0.001012
6041000 0.001112
6061000 0.002124
6081000 0.000741
6101000 0.001282
6121000 0.000611
6141000 0.000962
6161000 0.000792
6181000 0.002765
6201000 0.000701
6221000 0.001242
6241000 0.000741
6261000 0.000822
6281000 0.000811
6301000 0.000911
6321000 0.000822
6341000 0.000942
6361000 0.000952
6381000 0.000792
6401000 0.000941
6421000 0.000701
6441000 0.000671
6461000 0.000612
6481000 0.000781
6501000 0.000622
6521000 0.000631
6541000 0.000732
6561000 0.000791
6581000 0.000832
6601000 0.000822
6621000 0.000681
6641000 0.000762
6661000 0.000901
6681000 0.000611
6701000 0.002926
6721000 0.000761
6741000 0.001042
6761000 0.000742
6781000 0.000721
6801000 0.000601
6821000 0.000721
6841000 0.000762
6861000 0.000731
6881000 0.000582
6901000 0.000681
6921000 0.000872
6941000 0.000621
6961000 0.000581
6981000 0.000721
7001000 0.000741
7021000 0.000711
7041000 0.000742
7061000 0.000791
7081000 0.000561
7101000 0.000591
7121000 0.000591
7141000 0.000621
7161000 0.001022
7181000 0.000691
7201000 0.000671
7221000 0.001714
7241000 0.000541
7261000 0.000561
7281000 0.000812
7301000 0.000651
7321000 0.001002
7341000 0.000632
7361000 0.000601
7381000 0.000751
7401000 0.000781
7421000 0.000641
7441000 0.000671
7461000 0.000601
7481000 0.000752
7501000 0.000902
7521000 0.000581
7541000 0.000631
7561000 0.000692
7581000 0.000651
7601000 0.000691
7621000 0.000541
7641000 0.000561
7661000 0.000631
7681000 0.000601
7701000 0.000561
7721000 0.000551
7741000 0.000842
7761000 0.002525
7781000 0.000601
7801000 0.000541
7821000 0.000561
7841000 0.000772
7861000 0.000711
7881000 0.000641
7901000 0.000952
7921000 0.000641
7941000 0.000591
7961000 0.000561
7981000 0.000541
8001000 0.000601
8021000 0.000591
8041000 0.000652
8061000 0.000641
8081000 0.000672
8101000 0.000651
8121000 0.000982
8141000 0.000591
8161000 0.000642
8181000 0.000691
8201000 0.000692
8221000 0.000671
8241000 0.000671
8261000 0.000752
8281000 0.002465
8301000 0.000761
8321000 0.000711
8341000 0.000571
8361000 0.000682
8381000 0.000761
8401000 0.000732
8421000 0.000681
8441000 0.000742
8461000 0.000952
8481000 0.000741
8501000 0.000702
8521000 0.000661
8541000 0.000591
8561000 0.000561
8581000 0.000571
8601000 0.000611
8621000 0.000662
8641000 0.000631
8661000 0.000651
8681000 0.000922
8701000 0.000601
8721000 0.000641
8741000 0.000631
8761000 0.000752
8781000 0.000711
8801000 0.002575
8821000 0.000612
8841000 0.000952
8861000 0.000631
8881000 0.000611
8901000 0.000602
8921000 0.000621
8941000 0.000581
8961000 0.000792
8981000 0.000561
9001000 0.000601
9021000 0.000702
9041000 0.000932
9061000 0.000671
9081000 0.000581
9101000 0.000561
9121000 0.000761
9141000 0.000672
9161000 0.000651
9181000 0.000621
9201000 0.000712
9221000 0.000621
9241000 0.001062
9261000 0.000602
9281000 0.000721
9301000 0.000652
9321000 0.002394
9341000 0.000732
9361000 0.000711
9381000 0.000582
9401000 0.000791
9421000 0.000852
9441000 0.000912
9461000 0.000541
9481000 0.000571
9501000 0.000652
9521000 0.000581
9541000 0.000681
9561000 0.000552
9581000 0.000581
9601000 0.000601
9621000 0.000932
9641000 0.000601
9661000 0.000582
9681000 0.000611
9701000 0.000591
9721000 0.000652
9741000 0.000591
9761000 0.000631
9781000 0.000672
9801000 0.000791
9821000 0.000952
9841000 0.000571
9861000 0.004278
9881000 0.003386
9901000 0.003276
9921000 0.003176
9941000 0.003978
9961000 0.002535
9981000 0.003306
