   1000 0.000892
  21000 0.001092
  41000 0.001243
  61000 0.001393
  81000 0.000802
 101000 0.001493
 121000 0.000932
 141000 0.001002
 161000 0.001293
 181000 0.002073
 201000 0.000821
 221000 0.000941
 241000 0.000761
 261000 0.001312
 281000 0.000841
 301000 0.001252
 321000 0.000841
 341000 0.000902
 361000 0.000661
 381000 0.001233
 401000 0.000972
 421000 0.001383
 441000 0.001022
 461000 0.001092
 481000 0.001143
 501000 0.001683
 521000 0.000882
 541000 0.003076
 561000 0.002013
 581000 0.001132
 601000 0.000822
 621000 0.001643
 641000 0.001222
 661000 0.000892
 681000 0.001483
 701000 0.001563
 721000 0.000571
 741000 0.001052
 761000 0.001042
 781000 0.000892
 801000 0.000882
 821000 0.001213
 841000 0.000832
 861000 0.001042
 881000 0.000912
 901000 0.001092
 921000 0.000852
 941000 0.001152
 961000 0.000961
 981000 0.000992
1001000 0.000811
1021000 0.001172
1041000 0.001122
1061000 0.001142
1081000 0.002004
1101000 0.001252
1121000 0.000891
1141000 0.001062
1161000 0.000982
1181000 0.001343
1201000 0.000882
1221000 0.000792
1241000 0.001433
1261000 0.001814
1281000 0.000671
1301000 0.001182
1321000 0.001042
1341000 0.000952
1361000 0.001002
1381000 0.001122
1401000 0.000641
1421000 0.001062
1441000 0.000801
1461000 0.001182
1481000 0.000952
1501000 0.000912
1521000 0.000741
1541000 0.001603
1561000 0.000792
1581000 0.000982
1601000 0.001022
1621000 0.001032
1641000 0.001022
1661000 0.000811
1681000 0.000651
1701000 0.001122
1721000 0.000641
1741000 0.000862
1761000 0.000872
1781000 0.000832
1801000 0.000751
1821000 0.000942
1841000 0.000591
1861000 0.001112
1881000 0.000731
1901000 0.000982
1921000 0.000631
1941000 0.001192
1961000 0.000961
1981000 0.000931
2001000 0.000801
2021000 0.000801
2041000 0.001163
2061000 0.001102
2081000 0.000511
2101000 0.000861
2121000 0.000891
2141000 0.001042
2161000 0.001433
2181000 0.001262
2201000 0.000851
2221000 0.002034
2241000 0.000922
2261000 0.001082
2281000 0.000712
2301000 0.001262
2321000 0.000672
2341000 0.001062
2361000 0.000672
2381000 0.000942
2401000 0.000751
2421000 0.001092
2441000 0.001162
2461000 0.001393
2481000 0.000832
2501000 0.001523
2521000 0.001173
2541000 0.001172
2561000 0.000982
2581000 0.001293
2601000 0.001483
2621000 0.001232
2641000 0.001112
2661000 0.001002
2681000 0.000842
2701000 0.000922
2721000 0.000701
2741000 0.000682
2761000 0.000892
2781000 0.000842
2801000 0.000741
2821000 0.000722
2841000 0.000932
2861000 0.000932
2881000 0.000822
2901000 0.000741
2921000 0.000891
2941000 0.000671
2961000 0.000511
2981000 0.000591
3001000 0.000631
3021000 0.000661
3041000 0.000460
3061000 0.000601
3081000 0.000531
3101000 0.000651
3121000 0.000961
3141000 0.000631
3161000 0.000621
3181000 0.000672
3201000 0.000451
3221000 0.000671
3241000 0.000571
3261000 0.000631
3281000 0.000681
3301000 0.000771
3321000 0.000501
3341000 0.000832
3361000 0.000742
3381000 0.000681
3401000 0.000641
3421000 0.000651
3441000 0.000581
3461000 0.000501
3481000 0.000511
3501000 0.000671
3521000 0.000501
3541000 0.000652
3561000 0.000721
3581000 0.000632
3601000 0.000521
3621000 0.000671
3641000 0.000491
3661000 0.000561
3681000 0.000611
3701000 0.000491
3721000 0.000451
3741000 0.000822
3761000 0.000461
3781000 0.000671
3801000 0.000851
3821000 0.000742
3841000 0.000591
3861000 0.000682
3881000 0.000591
3901000 0.000481
3921000 0.000732
3941000 0.000591
3961000 0.000431
3981000 0.000832
4001000 0.000892
4021000 0.000962
4041000 0.000481
4061000 0.000591
4081000 0.000461
4101000 0.000480
4121000 0.000691
4141000 0.000842
4161000 0.000721
4181000 0.000671
4201000 0.001042
4221000 0.000611
4241000 0.000621
4261000 0.000912
4281000 0.000571
4301000 0.000962
4321000 0.000591
4341000 0.000541
4361000 0.000771
4381000 0.001162
4401000 0.000471
4421000 0.000681
4441000 0.000601
4461000 0.000471
4481000 0.000501
4501000 0.000501
4521000 0.000531
4541000 0.000521
4561000 0.000511
4581000 0.000511
4601000 0.000531
4621000 0.000832
4641000 0.000531
4661000 0.000852
4681000 0.000431
4701000 0.000681
4721000 0.001132
4741000 0.000691
4761000 0.000802
4781000 0.000962
4801000 0.001022
4821000 0.001042
4841000 0.000792
4861000 0.001082
4881000 0.000812
4901000 0.001473
4921000 0.000792
4941000 0.000831
4961000 0.001202
4981000 0.000812
5001000 0.014588
5021000 0.001353
5041000 0.001242
5061000 0.001402
5081000 0.001442
5101000 0.001663
5121000 0.001002
5141000 0.001333
5161000 0.001262
5181000 0.001763
5201000 0.003737
5221000 0.001743
5241000 0.004268
5261000 0.001773
5281000 0.001072
5301000 0.001463
5321000 0.002205
5341000 0.001212
5361000 0.001493
5381000 0.000992
5401000 0.000972
5421000 0.001453
5441000 0.000952
5461000 0.001543
5481000 0.000972
5501000 0.000971
5521000 0.000942
5541000 0.001182
5561000 0.001032
5581000 0.000971
5601000 0.000992
5621000 0.000972
5641000 0.001012
5661000 0.000962
5681000 0.001142
5701000 0.001032
5721000 0.000982
5741000 0.001002
5761000 0.003377
5781000 0.000952
5801000 0.001062
5821000 0.001212
5841000 0.001042
5861000 0.000922
5881000 0.001022
5901000 0.001593
5921000 0.001073
5941000 0.000982
5961000 0.000972
5981000 0.000982
6001000 0.001032
6021000 0.001313
6041000 0.001072
6061000 0.001904
6081000 0.002455
6101000 0.008967
6121000 0.005932
6141000 0.001513
6161000 0.001403
6181000 0.001573
6201000 0.001523
6221000 0.001903
6241000 0.001743
6261000 0.003888
6281000 0.003847
6301000 0.001012
6321000 0.001383
6341000 0.000741
6361000 0.000772
6381000 0.001172
6401000 0.000832
6421000 0.000992
6441000 0.001613
6461000 0.001332
6481000 0.001293
6501000 0.002134
6521000 0.001392
6541000 0.001283
6561000 0.001192
6581000 0.001483
6601000 0.001202
6621000 0.001343
6641000 0.001082
6661000 0.001272
6681000 0.001463
6701000 0.001403
6721000 0.001132
6741000 0.001834
6761000 0.001192
6781000 0.001393
6801000 0.004018
6821000 0.001373
6841000 0.001062
6861000 0.001012
6881000 0.001302
6901000 0.001082
6921000 0.000982
6941000 0.001032
6961000 0.000952
6981000 0.001002
7001000 0.001322
7021000 0.001132
7041000 0.001383
7061000 0.001022
7081000 0.001082
7101000 0.001132
7121000 0.001172
7141000 0.001011
7161000 0.001262
7181000 0.001103
7201000 0.007725
7221000 0.007424
7241000 0.000982
7261000 0.001613
7281000 0.001113
7301000 0.001072
7321000 0.004429
7341000 0.001112
7361000 0.001173
7381000 0.001082
7401000 0.000902
7421000 0.001022
7441000 0.001383
7461000 0.000661
7481000 0.000701
7501000 0.000611
7521000 0.000661
7541000 0.000661
7561000 0.000682
7581000 0.000641
7601000 0.000581
7621000 0.000671
7641000 0.001022
7661000 0.000672
7681000 0.000761
7701000 0.000652
7721000 0.000671
7741000 0.000592
7761000 0.000741
7781000 0.000602
7801000 0.000601
7821000 0.000621
7841000 0.000692
7861000 0.003557
7881000 0.000621
7901000 0.000702
7921000 0.000661
7941000 0.000652
7961000 0.000631
7981000 0.000862
8001000 0.000681
8021000 0.000732
8041000 0.000621
8061000 0.000612
8081000 0.000701
8101000 0.000652
8121000 0.000651
8141000 0.000621
8161000 0.000631
8181000 0.000842
8201000 0.000581
8221000 0.000641
8241000 0.000662
8261000 0.000721
8281000 0.000681
8301000 0.000621
8321000 0.000672
8341000 0.000601
8361000 0.000631
8381000 0.003146
8401000 0.000681
8421000 0.000611
8441000 0.000671
8461000 0.000671
8481000 0.000631
8501000 0.000731
8521000 0.000901
8541000 0.000672
8561000 0.000761
8581000 0.000681
8601000 0.000701
8621000 0.000641
8641000 0.000681
8661000 0.000841
8681000 0.000682
8701000 0.000671
8721000 0.000782
8741000 0.000661
8761000 0.000601
8781000 0.000701
8801000 0.000672
8821000 0.000701
8841000 0.000792
8861000 0.000712
8881000 0.000601
8901000 0.002835
8921000 0.000591
8941000 0.000611
8961000 0.000662
8981000 0.000601
9001000 0.000732
9021000 0.000641
9041000 0.001172
9061000 0.000681
9081000 0.000661
9101000 0.000591
9121000 0.000751
9141000 0.000711
9161000 0.000701
9181000 0.000681
9201000 0.000822
9221000 0.000651
9241000 0.000842
9261000 0.000601
9281000 0.000642
9301000 0.000601
9321000 0.000611
9341000 0.000671
9361000 0.000711
9381000 0.000661
9401000 0.000701
9421000 0.002845
9441000 0.000672
9461000 0.000641
9481000 0.000641
9501000 0.000731
9521000 0.000722
9541000 0.000731
9561000 0.000672
9581000 0.000962
9601000 0.000631
9621000 0.000742
9641000 0.000681
9661000 0.000591
9681000 0.000611
9701000 0.000681
9721000 0.000792
9741000 0.000702
9761000 0.000711
9781000 0.000832
9801000 0.000671
9821000 0.000711
9841000 0.000721
9861000 0.000651
9881000 0.000761
9901000 0.000661
9921000 0.000601
9941000 0.003006
9961000 0.003637
9981000 0.004729
