   1000 0.000572
  21000 0.000491
  41000 0.000360
  61000 0.000551
  81000 0.000511
 101000 0.000521
 121000 0.000721
 141000 0.000551
 161000 0.000922
 181000 0.000481
 201000 0.000582
 221000 0.000551
 241000 0.000481
 261000 0.000551
 281000 0.000521
 301000 0.000511
 321000 0.000861
 341000 0.000581
 361000 0.000521
 381000 0.000591
 401000 0.000511
 421000 0.000451
 441000 0.000592
 461000 0.000531
 481000 0.000521
 501000 0.000491
 521000 0.000451
 541000 0.000581
 561000 0.000622
 581000 0.000591
 601000 0.000511
 621000 0.000581
 641000 0.000561
 661000 0.000581
 681000 0.000581
 701000 0.000622
 721000 0.000511
 741000 0.000541
 761000 0.000812
 781000 0.000521
 801000 0.000451
 821000 0.000541
 841000 0.000451
 861000 0.000661
 881000 0.000411
 901000 0.000521
 921000 0.000460
 941000 0.000450
 961000 0.000410
 981000 0.000480
1001000 0.000430
1021000 0.000811
1041000 0.000411
1061000 0.000551
1081000 0.000431
1101000 0.000572
1121000 0.000601
1141000 0.000561
1161000 0.000461
1181000 0.000541
1201000 0.000481
1221000 0.000702
1241000 0.000621
1261000 0.000922
1281000 0.000461
1301000 0.000511
1321000 0.000471
1341000 0.000521
1361000 0.000441
1381000 0.000561
1401000 0.000431
1421000 0.000571
1441000 0.000561
1461000 0.000881
1481000 0.000410
1501000 0.000531
1521000 0.000470
1541000 0.000481
1561000 0.000390
1581000 0.000651
1601000 0.000481
1621000 0.000451
1641000 0.000451
1661000 0.000511
1681000 0.000471
1701000 0.000481
1721000 0.000461
1741000 0.000642
1761000 0.000471
1781000 0.000441
1801000 0.000541
1821000 0.000451
1841000 0.000541
1861000 0.000601
1881000 0.000451
1901000 0.000461
1921000 0.000471
1941000 0.000611
1961000 0.000471
1981000 0.000501
2001000 0.000601
2021000 0.000501
2041000 0.000531
2061000 0.000500
2081000 0.000461
2101000 0.000601
2121000 0.000521
2141000 0.000461
2161000 0.000511
2181000 0.000511
2201000 0.000551
2221000 0.000561
2241000 0.000461
2261000 0.000731
2281000 0.000481
2301000 0.000592
2321000 0.000471
2341000 0.000581
2361000 0.000461
2381000 0.000541
2401000 0.000501
2421000 0.000612
2441000 0.000581
2461000 0.000561
2481000 0.000491
2501000 0.000461
2521000 0.000621
2541000 0.000571
2561000 0.000451
2581000 0.000441
2601000 0.000341
2621000 0.000892
2641000 0.000461
2661000 0.000571
2681000 0.000421
2701000 0.000471
2721000 0.000491
2741000 0.000440
2761000 0.000461
2781000 0.000591
2801000 0.000581
2821000 0.000571
2841000 0.000461
2861000 0.000531
2881000 0.000601
2901000 0.000541
2921000 0.000521
2941000 0.000672
2961000 0.000521
2981000 0.000441
3001000 0.000451
3021000 0.000501
3041000 0.000451
3061000 0.000511
3081000 0.000421
3101000 0.000491
3121000 0.000371
3141000 0.000802
3161000 0.000491
3181000 0.000461
3201000 0.000441
3221000 0.000521
3241000 0.000341
3261000 0.000451
3281000 0.000340
3301000 0.000420
3321000 0.000360
3341000 0.000531
3361000 0.000440
3381000 0.000420
3401000 0.000450
3421000 0.000420
3441000 0.000360
3461000 0.000581
3481000 0.000481
3501000 0.000420
3521000 0.000440
3541000 0.000501
3561000 0.000461
3581000 0.000501
3601000 0.000341
3621000 0.000511
3641000 0.000451
3661000 0.000481
3681000 0.000471
3701000 0.000441
3721000 0.000321
3741000 0.000541
3761000 0.000481
3781000 0.000451
3801000 0.000461
3821000 0.000461
3841000 0.000451
3861000 0.000471
3881000 0.000561
3901000 0.000481
3921000 0.000351
3941000 0.000451
3961000 0.000481
3981000 0.000461
4001000 0.000461
4021000 0.000431
4041000 0.000682
4061000 0.000491
4081000 0.000330
4101000 0.000481
4121000 0.000441
4141000 0.000481
4161000 0.000461
4181000 0.000471
4201000 0.000441
4221000 0.000531
4241000 0.000461
4261000 0.000491
4281000 0.000471
4301000 0.000451
4321000 0.000491
4341000 0.000511
4361000 0.000481
4381000 0.000501
4401000 0.000390
4421000 0.000521
4441000 0.000450
4461000 0.000400
4481000 0.000361
4501000 0.000431
4521000 0.000451
4541000 0.000481
4561000 0.000431
4581000 0.000561
4601000 0.000531
4621000 0.000551
4641000 0.000371
4661000 0.000511
4681000 0.000461
4701000 0.000521
4721000 0.000421
4741000 0.000481
4761000 0.000451
4781000 0.000681
4801000 0.000450
4821000 0.000651
4841000 0.000371
4861000 0.001052
4881000 0.000511
4901000 0.000681
4921000 0.000470
4941000 0.000481
4961000 0.000461
4981000 0.000511
5001000 0.005550
5021000 0.001092
5041000 0.000771
5061000 0.000721
5081000 0.000772
5101000 0.003206
5121000 0.000812
5141000 0.000561
5161000 0.001002
5181000 0.000691
5201000 0.000631
5221000 0.000531
5241000 0.000571
5261000 0.000612
5281000 0.001162
5301000 0.000631
5321000 0.000652
5341000 0.000831
5361000 0.000641
5381000 0.000681
5401000 0.000631
5421000 0.000601
5441000 0.000611
5461000 0.001132
5481000 0.000591
5501000 0.000641
5521000 0.000521
5541000 0.000611
5561000 0.000601
5581000 0.000521
5601000 0.000602
5621000 0.002675
5641000 0.000611
5661000 0.000551
5681000 0.000691
5701000 0.000802
5721000 0.000601
5741000 0.000681
5761000 0.000602
5781000 0.000581
5801000 0.000591
5821000 0.000642
5841000 0.000571
5861000 0.000832
5881000 0.000591
5901000 0.000611
5921000 0.000742
5941000 0.000651
5961000 0.000802
5981000 0.000571
6001000 0.001713
6021000 0.000591
6041000 0.000932
6061000 0.000551
6081000 0.000591
6101000 0.000621
6121000 0.000781
6141000 0.001653
6161000 0.000651
6181000 0.000541
6201000 0.001102
6221000 0.000581
6241000 0.000601
6261000 0.000531
6281000 0.000591
6301000 0.000491
6321000 0.000602
6341000 0.000581
6361000 0.000581
6381000 0.000551
6401000 0.000552
6421000 0.000611
6441000 0.001012
6461000 0.000561
6481000 0.000551
6501000 0.000541
6521000 0.000621
6541000 0.000541
6561000 0.000692
6581000 0.000661
6601000 0.000551
6621000 0.000551
6641000 0.000561
6661000 0.001162
6681000 0.002795
6701000 0.000581
6721000 0.000681
6741000 0.000632
6761000 0.000491
6781000 0.000701
6801000 0.000571
6821000 0.000892
6841000 0.000541
6861000 0.000601
6881000 0.000581
6901000 0.000581
6921000 0.000692
6941000 0.000571
6961000 0.000631
6981000 0.000541
7001000 0.000581
7021000 0.000511
7041000 0.000932
7061000 0.000661
7081000 0.000591
7101000 0.000591
7121000 0.000611
7141000 0.000651
7161000 0.000691
7181000 0.000571
7201000 0.002154
7221000 0.000951
7241000 0.000551
7261000 0.000521
7281000 0.000731
7301000 0.000732
7321000 0.000671
7341000 0.000541
7361000 0.000521
7381000 0.000751
7401000 0.000551
7421000 0.000921
7441000 0.000702
7461000 0.000661
7481000 0.000652
7501000 0.000561
7521000 0.000571
7541000 0.000651
7561000 0.000781
7581000 0.000601
7601000 0.000642
7621000 0.001052
7641000 0.000591
7661000 0.000611
7681000 0.000581
7701000 0.000581
7721000 0.002274
7741000 0.000551
7761000 0.000621
7781000 0.000601
7801000 0.000962
7821000 0.000562
7841000 0.000651
7861000 0.000551
7881000 0.000601
7901000 0.000711
7921000 0.000681
7941000 0.000602
7961000 0.000771
7981000 0.000632
8001000 0.000621
8021000 0.001012
8041000 0.000742
8061000 0.000611
8081000 0.000681
8101000 0.000632
8121000 0.000581
8141000 0.000621
8161000 0.000602
8181000 0.000521
8201000 0.000561
8221000 0.000561
8241000 0.003046
8261000 0.000792
8281000 0.000601
8301000 0.000622
8321000 0.000691
8341000 0.000661
8361000 0.000581
8381000 0.000872
8401000 0.000791
8421000 0.000732
8441000 0.000801
8461000 0.000701
8481000 0.000741
8501000 0.000641
8521000 0.000651
8541000 0.000591
8561000 0.000591
8581000 0.000591
8601000 0.000922
8621000 0.000491
8641000 0.000581
8661000 0.000562
8681000 0.000992
8701000 0.000581
8721000 0.000691
8741000 0.000662
8761000 0.002905
8781000 0.000671
8801000 0.000701
8821000 0.000612
8841000 0.000761
8861000 0.000561
8881000 0.000721
8901000 0.000671
8921000 0.000951
8941000 0.000611
8961000 0.000561
8981000 0.000641
9001000 0.000622
9021000 0.000621
9041000 0.000681
9061000 0.000621
9081000 0.000571
9101000 0.000561
9121000 0.000662
9141000 0.000591
9161000 0.000912
9181000 0.000641
9201000 0.000732
9221000 0.000601
9241000 0.000551
9261000 0.000622
9281000 0.000621
9301000 0.003126
9321000 0.000782
9341000 0.000691
9361000 0.000571
9381000 0.000851
9401000 0.000621
9421000 0.000701
9441000 0.000952
9461000 0.000511
9481000 0.000601
9501000 0.000891
9521000 0.000652
9541000 0.000611
9561000 0.000551
9581000 0.000652
9601000 0.000631
9621000 0.000581
9641000 0.000752
9661000 0.000551
9681000 0.000571
9701000 0.000611
9721000 0.000951
9741000 0.000581
9761000 0.000591
9781000 0.000581
9801000 0.000632
9821000 0.003446
9841000 0.003256
9861000 0.003607
9881000 0.002675
9901000 0.003537
9921000 0.003026
9941000 0.003787
9961000 0.002455
9981000 0.003687
