   1000 0.000441
  21000 0.000451
  41000 0.000421
  61000 0.000662
  81000 0.000611
 101000 0.000611
 121000 0.000622
 141000 0.000731
 161000 0.000491
 181000 0.000561
 201000 0.000370
 221000 0.000991
 241000 0.000561
 261000 0.000651
 281000 0.000672
 301000 0.000721
 321000 0.000481
 341000 0.000571
 361000 0.000541
 381000 0.000661
 401000 0.000531
 421000 0.000622
 441000 0.000691
 461000 0.000932
 481000 0.000521
 501000 0.000692
 521000 0.000481
 541000 0.000771
 561000 0.000622
 581000 0.000691
 601000 0.000561
 621000 0.000642
 641000 0.000581
 661000 0.000591
 681000 0.000511
 701000 0.000681
 721000 0.000411
 741000 0.000681
 761000 0.000662
 781000 0.000641
 801000 0.000391
 821000 0.000772
 841000 0.000541
 861000 0.000601
 881000 0.000361
 901000 0.000561
 921000 0.000411
 941000 0.000561
 961000 0.000441
 981000 0.000531
1001000 0.000450
1021000 0.000541
1041000 0.000421
1061000 0.000641
1081000 0.000441
1101000 0.000541
1121000 0.000601
1141000 0.000581
1161000 0.000431
1181000 0.000521
1201000 0.000331
1221000 0.000531
1241000 0.000481
1261000 0.000681
1281000 0.000441
1301000 0.000611
1321000 0.000611
1341000 0.000591
1361000 0.000420
1381000 0.000532
1401000 0.000491
1421000 0.000501
1441000 0.000491
1461000 0.000581
1481000 0.000401
1501000 0.000591
1521000 0.000431
1541000 0.000622
1561000 0.000420
1581000 0.000781
1601000 0.000501
1621000 0.000491
1641000 0.000401
1661000 0.000601
1681000 0.000410
1701000 0.000501
1721000 0.000430
1741000 0.000450
1761000 0.000470
1781000 0.000571
1801000 0.000481
1821000 0.000521
1841000 0.000421
1861000 0.000651
1881000 0.000511
1901000 0.000541
1921000 0.000441
1941000 0.000511
1961000 0.000391
1981000 0.000601
2001000 0.000421
2021000 0.000581
2041000 0.000461
2061000 0.000541
2081000 0.000411
2101000 0.000521
2121000 0.000582
2141000 0.000531
2161000 0.000461
2181000 0.000581
2201000 0.000421
2221000 0.000631
2241000 0.000391
2261000 0.000531
2281000 0.000451
2301000 0.000562
2321000 0.000511
2341000 0.000551
2361000 0.000471
2381000 0.000591
2401000 0.000491
2421000 0.000531
2441000 0.000430
2461000 0.000581
2481000 0.000461
2501000 0.000481
2521000 0.000471
2541000 0.000561
2561000 0.000451
2581000 0.000430
2601000 0.000541
2621000 0.000491
2641000 0.000491
2661000 0.000581
2681000 0.000461
2701000 0.000561
2721000 0.000441
2741000 0.000592
2761000 0.000541
2781000 0.000781
2801000 0.000480
2821000 0.000621
2841000 0.000501
2861000 0.000601
2881000 0.000411
2901000 0.000561
2921000 0.000451
2941000 0.000601
2961000 0.000391
2981000 0.000601
3001000 0.000471
3021000 0.000641
3041000 0.000391
3061000 0.000541
3081000 0.000411
3101000 0.000602
3121000 0.000400
3141000 0.000701
3161000 0.000471
3181000 0.000641
3201000 0.000481
3221000 0.000741
3241000 0.000431
3261000 0.000752
3281000 0.000360
3301000 0.000602
3321000 0.000370
3341000 0.000561
3361000 0.000391
3381000 0.000521
3401000 0.000401
3421000 0.000481
3441000 0.000371
3461000 0.000481
3481000 0.000441
3501000 0.000521
3521000 0.000451
3541000 0.000611
3561000 0.000401
3581000 0.000541
3601000 0.000411
3621000 0.000551
3641000 0.000371
3661000 0.000581
3681000 0.000410
3701000 0.000451
3721000 0.000341
3741000 0.000631
3761000 0.000380
3781000 0.000450
3801000 0.000420
3821000 0.000501
3841000 0.000621
3861000 0.000491
3881000 0.000401
3901000 0.000511
3921000 0.000381
3941000 0.000521
3961000 0.000541
3981000 0.000591
4001000 0.000451
4021000 0.000491
4041000 0.000430
4061000 0.000490
4081000 0.000400
4101000 0.000451
4121000 0.000652
4141000 0.000521
4161000 0.000501
4181000 0.000501
4201000 0.000421
4221000 0.000561
4241000 0.000421
4261000 0.000471
4281000 0.000481
4301000 0.000571
4321000 0.000350
4341000 0.000551
4361000 0.000461
4381000 0.000571
4401000 0.000511
4421000 0.000641
4441000 0.000401
4461000 0.000451
4481000 0.000391
4501000 0.000481
4521000 0.000481
4541000 0.000541
4561000 0.000451
4581000 0.000451
4601000 0.000562
4621000 0.000571
4641000 0.000381
4661000 0.000641
4681000 0.000571
4701000 0.000642
4721000 0.000411
4741000 0.000531
4761000 0.000391
4781000 0.000661
4801000 0.000421
4821000 0.000501
4841000 0.000421
4861000 0.000471
4881000 0.000451
4901000 0.000491
4921000 0.000491
4941000 0.000591
4961000 0.000370
4981000 0.000531
5001000 0.008446
5021000 0.001593
5041000 0.001062
5061000 0.000692
5081000 0.000861
5101000 0.000642
5121000 0.001042
5141000 0.003216
5161000 0.000722
5181000 0.000711
5201000 0.000561
5221000 0.000662
5241000 0.000962
5261000 0.000641
5281000 0.000752
5301000 0.000621
5321000 0.000641
5341000 0.000732
5361000 0.000691
5381000 0.000672
5401000 0.000591
5421000 0.000631
5441000 0.000811
5461000 0.000762
5481000 0.000621
5501000 0.000701
5521000 0.000561
5541000 0.000631
5561000 0.000651
5581000 0.000641
5601000 0.000551
5621000 0.000611
5641000 0.000542
5661000 0.002685
5681000 0.000561
5701000 0.000621
5721000 0.000552
5741000 0.000721
5761000 0.000621
5781000 0.000621
5801000 0.000671
5821000 0.000952
5841000 0.000862
5861000 0.000641
5881000 0.000682
5901000 0.000691
5921000 0.000762
5941000 0.000942
5961000 0.000551
5981000 0.000641
6001000 0.000642
6021000 0.001192
6041000 0.000662
6061000 0.001903
6081000 0.000592
6101000 0.000721
6121000 0.000551
6141000 0.000662
6161000 0.000591
6181000 0.002515
6201000 0.000661
6221000 0.000652
6241000 0.000691
6261000 0.000591
6281000 0.000631
6301000 0.000551
6321000 0.000782
6341000 0.000721
6361000 0.000852
6381000 0.000792
6401000 0.000661
6421000 0.000621
6441000 0.000652
6461000 0.000611
6481000 0.000702
6501000 0.000701
6521000 0.000782
6541000 0.000571
6561000 0.000902
6581000 0.000611
6601000 0.000561
6621000 0.000632
6641000 0.000611
6661000 0.000591
6681000 0.000912
6701000 0.002515
6721000 0.000862
6741000 0.000731
6761000 0.000622
6781000 0.000591
6801000 0.000741
6821000 0.000621
6841000 0.000531
6861000 0.000611
6881000 0.000572
6901000 0.001082
6921000 0.000541
6941000 0.000571
6961000 0.000531
6981000 0.000662
7001000 0.000601
7021000 0.000531
7041000 0.000561
7061000 0.000671
7081000 0.000621
7101000 0.000581
7121000 0.000511
7141000 0.000972
7161000 0.000561
7181000 0.000641
7201000 0.000782
7221000 0.000521
7241000 0.002294
7261000 0.000541
7281000 0.000721
7301000 0.000932
7321000 0.000652
7341000 0.000771
7361000 0.000782
7381000 0.000701
7401000 0.000602
7421000 0.000601
7441000 0.000521
7461000 0.000581
7481000 0.000602
7501000 0.000721
7521000 0.000762
7541000 0.000621
7561000 0.000712
7581000 0.000691
7601000 0.000722
7621000 0.000751
7641000 0.000682
7661000 0.000591
7681000 0.000671
7701000 0.000752
7721000 0.000872
7741000 0.000621
7761000 0.002154
7781000 0.000602
7801000 0.000511
7821000 0.000611
7841000 0.000571
7861000 0.000662
7881000 0.000671
7901000 0.000912
7921000 0.000711
7941000 0.000702
7961000 0.000561
7981000 0.000571
8001000 0.000672
8021000 0.000691
8041000 0.000531
8061000 0.000592
8081000 0.000641
8101000 0.000942
8121000 0.000631
8141000 0.000692
8161000 0.000601
8181000 0.000742
8201000 0.000641
8221000 0.000661
8241000 0.000802
8261000 0.000681
8281000 0.002655
8301000 0.000711
8321000 0.000662
8341000 0.000781
8361000 0.000591
8381000 0.000851
8401000 0.000602
8421000 0.000691
8441000 0.000762
8461000 0.000811
8481000 0.000852
8501000 0.000661
8521000 0.000731
8541000 0.000551
8561000 0.000852
8581000 0.000581
8601000 0.000632
8621000 0.000621
8641000 0.000641
8661000 0.001001
8681000 0.000621
8701000 0.000541
8721000 0.000711
8741000 0.000551
8761000 0.000761
8781000 0.000682
8801000 0.002414
8821000 0.000961
8841000 0.000741
8861000 0.000661
8881000 0.000691
8901000 0.000651
8921000 0.000632
8941000 0.000611
8961000 0.000581
8981000 0.000792
9001000 0.000641
9021000 0.000902
9041000 0.000812
9061000 0.000912
9081000 0.000571
9101000 0.000731
9121000 0.000631
9141000 0.000691
9161000 0.000752
9181000 0.000701
9201000 0.000702
9221000 0.000912
9241000 0.000731
9261000 0.000611
9281000 0.000611
9301000 0.000621
9321000 0.002465
9341000 0.000732
9361000 0.000641
9381000 0.000932
9401000 0.000661
9421000 0.000612
9441000 0.000751
9461000 0.000571
9481000 0.000732
9501000 0.000802
9521000 0.000581
9541000 0.000621
9561000 0.000541
9581000 0.000932
9601000 0.000812
9621000 0.000571
9641000 0.000611
9661000 0.000601
9681000 0.000691
9701000 0.000672
9721000 0.000671
9741000 0.000581
9761000 0.000712
9781000 0.000661
9801000 0.000902
9821000 0.000641
9841000 0.000551
9861000 0.003617
9881000 0.003276
9901000 0.003577
9921000 0.002916
9941000 0.004108
9961000 0.002645
9981000 0.003306
