   1000 0.000381
  21000 0.000621
  41000 0.000531
  61000 0.000782
  81000 0.000521
 101000 0.000651
 121000 0.000611
 141000 0.000731
 161000 0.000531
 181000 0.000611
 201000 0.000561
 221000 0.000741
 241000 0.000461
 261000 0.000642
 281000 0.000471
 301000 0.000631
 321000 0.000902
 341000 0.000541
 361000 0.000481
 381000 0.000681
 401000 0.000571
 421000 0.000652
 441000 0.000551
 461000 0.000561
 481000 0.000491
 501000 0.000641
 521000 0.000771
 541000 0.000661
 561000 0.000551
 581000 0.000491
 601000 0.000511
 621000 0.000571
 641000 0.000491
 661000 0.000581
 681000 0.000531
 701000 0.000621
 721000 0.000541
 741000 0.000712
 761000 0.000481
 781000 0.000731
 801000 0.000491
 821000 0.000601
 841000 0.000411
 861000 0.000501
 881000 0.000461
 901000 0.000501
 921000 0.000451
 941000 0.000521
 961000 0.000401
 981000 0.000591
1001000 0.000651
1021000 0.000521
1041000 0.000431
1061000 0.000531
1081000 0.000441
1101000 0.000531
1121000 0.000401
1141000 0.000732
1161000 0.000381
1181000 0.000681
1201000 0.000491
1221000 0.000611
1241000 0.000891
1261000 0.000712
1281000 0.000471
1301000 0.000561
1321000 0.000381
1341000 0.000571
1361000 0.000440
1381000 0.000641
1401000 0.000411
1421000 0.000521
1441000 0.000982
1461000 0.000631
1481000 0.000420
1501000 0.000602
1521000 0.000421
1541000 0.000571
1561000 0.000391
1581000 0.000541
1601000 0.000391
1621000 0.000461
1641000 0.000501
1661000 0.000561
1681000 0.000601
1701000 0.000551
1721000 0.000431
1741000 0.000531
1761000 0.000541
1781000 0.000401
1801000 0.000401
1821000 0.000481
1841000 0.000511
1861000 0.000601
1881000 0.000501
1901000 0.000561
1921000 0.000441
1941000 0.000651
1961000 0.000491
1981000 0.000571
2001000 0.000420
2021000 0.000531
2041000 0.000450
2061000 0.000491
2081000 0.000511
2101000 0.000541
2121000 0.000461
2141000 0.000571
2161000 0.000411
2181000 0.000702
2201000 0.000441
2221000 0.000781
2241000 0.000521
2261000 0.000511
2281000 0.000440
2301000 0.000621
2321000 0.000461
2341000 0.000631
2361000 0.000381
2381000 0.000651
2401000 0.000420
2421000 0.000441
2441000 0.000441
2461000 0.000431
2481000 0.000401
2501000 0.000642
2521000 0.000410
2541000 0.000531
2561000 0.000561
2581000 0.000931
2601000 0.000460
2621000 0.000420
2641000 0.000431
2661000 0.000592
2681000 0.000481
2701000 0.000531
2721000 0.000391
2741000 0.000511
2761000 0.000401
2781000 0.000481
2801000 0.000481
2821000 0.000511
2841000 0.000431
2861000 0.000882
2881000 0.000521
2901000 0.000411
2921000 0.000551
2941000 0.000591
2961000 0.000440
2981000 0.000531
3001000 0.000440
3021000 0.000631
3041000 0.000421
3061000 0.000551
3081000 0.000441
3101000 0.000561
3121000 0.000521
3141000 0.000460
3161000 0.000470
3181000 0.000541
3201000 0.000461
3221000 0.000631
3241000 0.000471
3261000 0.000551
3281000 0.000351
3301000 0.000531
3321000 0.000361
3341000 0.000591
3361000 0.000420
3381000 0.000521
3401000 0.000481
3421000 0.000461
3441000 0.000360
3461000 0.000490
3481000 0.000440
3501000 0.000571
3521000 0.000451
3541000 0.000461
3561000 0.000371
3581000 0.000491
3601000 0.000401
3621000 0.000671
3641000 0.000411
3661000 0.000521
3681000 0.000651
3701000 0.000511
3721000 0.000400
3741000 0.000611
3761000 0.000351
3781000 0.000471
3801000 0.000370
3821000 0.000501
3841000 0.000501
3861000 0.000531
3881000 0.000421
3901000 0.000451
3921000 0.000381
3941000 0.000511
3961000 0.000361
3981000 0.000661
4001000 0.000351
4021000 0.000481
4041000 0.000451
4061000 0.000451
4081000 0.000381
4101000 0.000381
4121000 0.000331
4141000 0.000571
4161000 0.000361
4181000 0.000521
4201000 0.000441
4221000 0.000541
4241000 0.000421
4261000 0.000571
4281000 0.000421
4301000 0.000571
4321000 0.000381
4341000 0.000481
4361000 0.000481
4381000 0.000561
4401000 0.000340
4421000 0.000632
4441000 0.000370
4461000 0.000531
4481000 0.000380
4501000 0.000440
4521000 0.000430
4541000 0.000481
4561000 0.000751
4581000 0.000531
4601000 0.000491
4621000 0.000471
4641000 0.000331
4661000 0.000651
4681000 0.000340
4701000 0.000602
4721000 0.000431
4741000 0.000521
4761000 0.000330
4781000 0.000551
4801000 0.000401
4821000 0.000481
4841000 0.000651
4861000 0.000491
4881000 0.000431
4901000 0.000461
4921000 0.000321
4941000 0.000551
4961000 0.000391
4981000 0.000531
5001000 0.014428
5021000 0.001373
5041000 0.001022
5061000 0.001122
5081000 0.001553
5101000 0.001082
5121000 0.002033
5141000 0.001162
5161000 0.000762
5181000 0.000992
5201000 0.000892
5221000 0.000952
5241000 0.000721
5261000 0.000762
5281000 0.000551
5301000 0.000671
5321000 0.000711
5341000 0.000762
5361000 0.000751
5381000 0.000952
5401000 0.000912
5421000 0.000731
5441000 0.000691
5461000 0.000651
5481000 0.000912
5501000 0.000551
5521000 0.000731
5541000 0.000671
5561000 0.001092
5581000 0.000691
5601000 0.000672
5621000 0.000641
5641000 0.003156
5661000 0.000591
5681000 0.000681
5701000 0.000781
5721000 0.000861
5741000 0.000612
5761000 0.000711
5781000 0.000531
5801000 0.000702
5821000 0.000621
5841000 0.000742
5861000 0.000791
5881000 0.000692
5901000 0.000741
5921000 0.000642
5941000 0.001042
5961000 0.000631
5981000 0.000602
6001000 0.000661
6021000 0.001783
6041000 0.000571
6061000 0.000671
6081000 0.000622
6101000 0.000911
6121000 0.000631
6141000 0.000591
6161000 0.002495
6181000 0.000621
6201000 0.000521
6221000 0.000671
6241000 0.000992
6261000 0.000691
6281000 0.000641
6301000 0.000972
6321000 0.000651
6341000 0.000742
6361000 0.000621
6381000 0.000581
6401000 0.000672
6421000 0.000691
6441000 0.000612
6461000 0.000992
6481000 0.000671
6501000 0.000802
6521000 0.000731
6541000 0.000882
6561000 0.000611
6581000 0.000611
6601000 0.000701
6621000 0.000622
6641000 0.000921
6661000 0.000751
6681000 0.002325
6701000 0.000621
6721000 0.000551
6741000 0.000581
6761000 0.000531
6781000 0.000601
6801000 0.000671
6821000 0.001012
6841000 0.000602
6861000 0.000641
6881000 0.000591
6901000 0.000702
6921000 0.000561
6941000 0.000551
6961000 0.000581
6981000 0.000621
7001000 0.000631
7021000 0.001112
7041000 0.000572
7061000 0.000731
7081000 0.000662
7101000 0.000601
7121000 0.000621
7141000 0.000682
7161000 0.000671
7181000 0.000651
7201000 0.000531
7221000 0.002775
7241000 0.000722
7261000 0.000731
7281000 0.000601
7301000 0.000641
7321000 0.000521
7341000 0.000601
7361000 0.000682
7381000 0.000992
7401000 0.000601
7421000 0.000601
7441000 0.000601
7461000 0.000631
7481000 0.000681
7501000 0.001173
7521000 0.000641
7541000 0.000651
7561000 0.000601
7581000 0.000611
7601000 0.000982
7621000 0.000621
7641000 0.000851
7661000 0.000561
7681000 0.000631
7701000 0.000601
7721000 0.000702
7741000 0.003126
7761000 0.000651
7781000 0.000581
7801000 0.000531
7821000 0.000661
7841000 0.000691
7861000 0.000671
7881000 0.000631
7901000 0.000742
7921000 0.000631
7941000 0.001162
7961000 0.000581
7981000 0.000531
8001000 0.000691
8021000 0.000692
8041000 0.000711
8061000 0.000561
8081000 0.000591
8101000 0.000621
8121000 0.000762
8141000 0.000851
8161000 0.000551
8181000 0.000661
8201000 0.000651
8221000 0.000711
8241000 0.000601
8261000 0.001894
8281000 0.000641
8301000 0.000731
8321000 0.001222
8341000 0.000521
8361000 0.000581
8381000 0.000591
8401000 0.000712
8421000 0.000551
8441000 0.000611
8461000 0.000672
8481000 0.000601
8501000 0.000671
8521000 0.000662
8541000 0.000821
8561000 0.000551
8581000 0.000581
8601000 0.000601
8621000 0.000692
8641000 0.000541
8661000 0.000791
8681000 0.000671
8701000 0.000511
8721000 0.000671
8741000 0.000921
8761000 0.000632
8781000 0.001924
8801000 0.000751
8821000 0.000732
8841000 0.000671
8861000 0.000692
8881000 0.000601
8901000 0.000601
8921000 0.001042
8941000 0.000802
8961000 0.000611
8981000 0.000571
9001000 0.000601
9021000 0.000641
9041000 0.000732
9061000 0.000661
9081000 0.000601
9101000 0.000631
9121000 0.000791
9141000 0.000591
9161000 0.000601
9181000 0.000752
9201000 0.000711
9221000 0.000601
9241000 0.000651
9261000 0.000561
9281000 0.000631
9301000 0.001724
9321000 0.000611
9341000 0.000611
9361000 0.000861
9381000 0.000581
9401000 0.000611
9421000 0.000972
9441000 0.000681
9461000 0.000632
9481000 0.000581
9501000 0.000892
9521000 0.000661
9541000 0.000601
9561000 0.000511
9581000 0.000591
9601000 0.000631
9621000 0.000531
9641000 0.000702
9661000 0.000641
9681000 0.000912
9701000 0.000621
9721000 0.000911
9741000 0.000632
9761000 0.000591
9781000 0.000571
9801000 0.000631
9821000 0.000651
9841000 0.003457
9861000 0.003096
9881000 0.003086
9901000 0.003336
9921000 0.002916
9941000 0.003827
9961000 0.002524
9981000 0.003447
