   1000 0.000401
  21000 0.000892
  41000 0.000431
  61000 0.000561
  81000 0.000551
 101000 0.000651
 121000 0.000491
 141000 0.000902
 161000 0.000511
 181000 0.000642
 201000 0.000551
 221000 0.000701
 241000 0.000891
 261000 0.000632
 281000 0.000641
 301000 0.000732
 321000 0.000471
 341000 0.000651
 361000 0.000521
 381000 0.000561
 401000 0.000581
 421000 0.000451
 441000 0.000521
 461000 0.000932
 481000 0.000471
 501000 0.000702
 521000 0.000611
 541000 0.000681
 561000 0.000500
 581000 0.000671
 601000 0.000411
 621000 0.000651
 641000 0.000481
 661000 0.000972
 681000 0.000481
 701000 0.000581
 721000 0.000501
 741000 0.000671
 761000 0.000581
 781000 0.000631
 801000 0.000491
 821000 0.000752
 841000 0.000481
 861000 0.000942
 881000 0.000441
 901000 0.000561
 921000 0.000461
 941000 0.000581
 961000 0.000491
 981000 0.000480
1001000 0.000491
1021000 0.000551
1041000 0.000411
1061000 0.000591
1081000 0.000551
1101000 0.000652
1121000 0.000771
1141000 0.000571
1161000 0.000410
1181000 0.000591
1201000 0.000471
1221000 0.000611
1241000 0.000441
1261000 0.000511
1281000 0.000451
1301000 0.000561
1321000 0.000561
1341000 0.000511
1361000 0.000430
1381000 0.000591
1401000 0.000451
1421000 0.000531
1441000 0.000461
1461000 0.000471
1481000 0.000411
1501000 0.000521
1521000 0.000481
1541000 0.000501
1561000 0.000401
1581000 0.000531
1601000 0.000471
1621000 0.000552
1641000 0.000430
1661000 0.000501
1681000 0.000421
1701000 0.000531
1721000 0.000441
1741000 0.000481
1761000 0.000431
1781000 0.000471
1801000 0.000511
1821000 0.000561
1841000 0.000501
1861000 0.000591
1881000 0.000651
1901000 0.000521
1921000 0.000401
1941000 0.000481
1961000 0.000421
1981000 0.000621
2001000 0.000401
2021000 0.000441
2041000 0.000411
2061000 0.000471
2081000 0.000461
2101000 0.000531
2121000 0.000471
2141000 0.000852
2161000 0.000421
2181000 0.000531
2201000 0.000431
2221000 0.000591
2241000 0.000451
2261000 0.000641
2281000 0.000431
2301000 0.000681
2321000 0.000481
2341000 0.000712
2361000 0.000421
2381000 0.000541
2401000 0.000661
2421000 0.000551
2441000 0.000450
2461000 0.000500
2481000 0.000400
2501000 0.000511
2521000 0.000340
2541000 0.000551
2561000 0.000400
2581000 0.000521
2601000 0.000421
2621000 0.000531
2641000 0.000451
2661000 0.000551
2681000 0.000421
2701000 0.000501
2721000 0.000451
2741000 0.000521
2761000 0.000440
2781000 0.000571
2801000 0.000791
2821000 0.000511
2841000 0.000421
2861000 0.000571
2881000 0.000371
2901000 0.000591
2921000 0.000511
2941000 0.000501
2961000 0.000371
2981000 0.000581
3001000 0.000411
3021000 0.000551
3041000 0.000521
3061000 0.000811
3081000 0.000531
3101000 0.000562
3121000 0.000451
3141000 0.000511
3161000 0.000431
3181000 0.000591
3201000 0.000411
3221000 0.000511
3241000 0.000361
3261000 0.000471
3281000 0.000531
3301000 0.000491
3321000 0.000421
3341000 0.000561
3361000 0.000421
3381000 0.000541
3401000 0.000441
3421000 0.000491
3441000 0.000440
3461000 0.000470
3481000 0.000450
3501000 0.000420
3521000 0.000420
3541000 0.000421
3561000 0.000471
3581000 0.000430
3601000 0.000341
3621000 0.000782
3641000 0.000421
3661000 0.000481
3681000 0.000441
3701000 0.000441
3721000 0.000351
3741000 0.000511
3761000 0.000360
3781000 0.000430
3801000 0.000400
3821000 0.000501
3841000 0.000400
3861000 0.000381
3881000 0.000451
3901000 0.000421
3921000 0.000351
3941000 0.000521
3961000 0.000401
3981000 0.000501
4001000 0.000431
4021000 0.000491
4041000 0.000431
4061000 0.000431
4081000 0.000551
4101000 0.000501
4121000 0.000451
4141000 0.000511
4161000 0.000410
4181000 0.000480
4201000 0.000430
4221000 0.000581
4241000 0.000461
4261000 0.000541
4281000 0.000371
4301000 0.000441
4321000 0.000381
4341000 0.000511
4361000 0.000441
4381000 0.000501
4401000 0.000361
4421000 0.000481
4441000 0.000360
4461000 0.000430
4481000 0.000390
4501000 0.000520
4521000 0.000591
4541000 0.000561
4561000 0.000411
4581000 0.000491
4601000 0.000381
4621000 0.000531
4641000 0.000361
4661000 0.000461
4681000 0.000411
4701000 0.000491
4721000 0.000511
4741000 0.000591
4761000 0.000371
4781000 0.000551
4801000 0.000431
4821000 0.000531
4841000 0.000380
4861000 0.000541
4881000 0.000410
4901000 0.000521
4921000 0.000471
4941000 0.000511
4961000 0.000360
4981000 0.000561
5001000 0.007083
5021000 0.000991
5041000 0.000871
5061000 0.000732
5081000 0.000972
5101000 0.000641
5121000 0.002054
5141000 0.001312
5161000 0.001022
5181000 0.000771
5201000 0.000872
5221000 0.000681
5241000 0.000742
5261000 0.000591
5281000 0.000611
5301000 0.000591
5321000 0.000611
5341000 0.000601
5361000 0.000712
5381000 0.000651
5401000 0.000802
5421000 0.000872
5441000 0.000601
5461000 0.000671
5481000 0.000592
5501000 0.000591
5521000 0.000541
5541000 0.000581
5561000 0.000581
5581000 0.000741
5601000 0.000531
5621000 0.000521
5641000 0.002455
5661000 0.000622
5681000 0.000581
5701000 0.000581
5721000 0.000601
5741000 0.000632
5761000 0.000601
5781000 0.000561
5801000 0.000541
5821000 0.000541
5841000 0.000961
5861000 0.000561
5881000 0.000671
5901000 0.000852
5921000 0.000611
5941000 0.000501
5961000 0.000602
5981000 0.000521
6001000 0.000551
6021000 0.000581
6041000 0.001874
6061000 0.000631
6081000 0.000662
6101000 0.000591
6121000 0.000521
6141000 0.000561
6161000 0.000561
6181000 0.002284
6201000 0.000741
6221000 0.000611
6241000 0.000651
6261000 0.000632
6281000 0.000651
6301000 0.000491
6321000 0.000752
6341000 0.000671
6361000 0.000631
6381000 0.000612
6401000 0.000621
6421000 0.000742
6441000 0.000601
6461000 0.000601
6481000 0.000601
6501000 0.000571
6521000 0.000661
6541000 0.000631
6561000 0.000701
6581000 0.000541
6601000 0.000521
6621000 0.000551
6641000 0.000891
6661000 0.000571
6681000 0.000591
6701000 0.002755
6721000 0.000641
6741000 0.000591
6761000 0.000541
6781000 0.000591
6801000 0.000652
6821000 0.000591
6841000 0.000561
6861000 0.000551
6881000 0.000812
6901000 0.000561
6921000 0.000642
6941000 0.000631
6961000 0.000671
6981000 0.000702
7001000 0.000551
7021000 0.001022
7041000 0.000581
7061000 0.000612
7081000 0.000511
7101000 0.000561
7121000 0.000601
7141000 0.000592
7161000 0.000531
7181000 0.000561
7201000 0.000601
7221000 0.002605
7241000 0.000622
7261000 0.000541
7281000 0.000641
7301000 0.000642
7321000 0.000601
7341000 0.000611
7361000 0.000632
7381000 0.000641
7401000 0.000631
7421000 0.000912
7441000 0.000541
7461000 0.000572
7481000 0.000601
7501000 0.000701
7521000 0.000682
7541000 0.000601
7561000 0.000651
7581000 0.000591
7601000 0.000621
7621000 0.000982
7641000 0.000661
7661000 0.000621
7681000 0.000601
7701000 0.000521
7721000 0.000622
7741000 0.002555
7761000 0.000621
7781000 0.000581
7801000 0.000842
7821000 0.000581
7841000 0.000541
7861000 0.000581
7881000 0.000651
7901000 0.000551
7921000 0.000551
7941000 0.000531
7961000 0.000571
7981000 0.000511
8001000 0.000601
8021000 0.000592
8041000 0.000761
8061000 0.000531
8081000 0.000531
8101000 0.000541
8121000 0.000631
8141000 0.000561
8161000 0.000702
8181000 0.000661
8201000 0.000591
8221000 0.000661
8241000 0.000681
8261000 0.002876
8281000 0.000641
8301000 0.000592
8321000 0.000691
8341000 0.000621
8361000 0.000601
8381000 0.000791
8401000 0.000602
8421000 0.000972
8441000 0.000581
8461000 0.000591
8481000 0.000632
8501000 0.000911
8521000 0.000621
8541000 0.000571
8561000 0.000581
8581000 0.000551
8601000 0.000641
8621000 0.000912
8641000 0.000641
8661000 0.000662
8681000 0.000781
8701000 0.000662
8721000 0.000601
8741000 0.000771
8761000 0.000631
8781000 0.000551
8801000 0.002866
8821000 0.000581
8841000 0.000591
8861000 0.000742
8881000 0.000741
8901000 0.000762
8921000 0.000561
8941000 0.000671
8961000 0.000641
8981000 0.000862
9001000 0.000561
9021000 0.000551
9041000 0.000591
9061000 0.000622
9081000 0.000571
9101000 0.000701
9121000 0.000521
9141000 0.000591
9161000 0.000611
9181000 0.000722
9201000 0.001142
9221000 0.000631
9241000 0.000772
9261000 0.000581
9281000 0.000652
9301000 0.000571
9321000 0.002715
9341000 0.000632
9361000 0.000971
9381000 0.000621
9401000 0.000651
9421000 0.000571
9441000 0.000841
9461000 0.000642
9481000 0.000962
9501000 0.000621
9521000 0.000611
9541000 0.000551
9561000 0.000831
9581000 0.000551
9601000 0.000712
9621000 0.000631
9641000 0.000652
9661000 0.000591
9681000 0.000671
9701000 0.000722
9721000 0.000661
9741000 0.000561
9761000 0.000911
9781000 0.000622
9801000 0.000621
9821000 0.000722
9841000 0.003096
9861000 0.003346
9881000 0.003317
9901000 0.003366
9921000 0.002996
9941000 0.003858
9961000 0.002474
9981000 0.003206
