   1000 0.000581
  21000 0.000741
  41000 0.000511
  61000 0.000871
  81000 0.000781
 101000 0.000962
 121000 0.000541
 141000 0.000922
 161000 0.000681
 181000 0.000761
 201000 0.000671
 221000 0.000982
 241000 0.000812
 261000 0.000922
 281000 0.000711
 301000 0.000772
 321000 0.000691
 341000 0.000912
 361000 0.000602
 381000 0.000972
 401000 0.000611
 421000 0.001553
 441000 0.001133
 461000 0.001222
 481000 0.001022
 501000 0.001082
 521000 0.000531
 541000 0.000872
 561000 0.000641
 581000 0.000852
 601000 0.000802
 621000 0.001042
 641000 0.000581
 661000 0.000831
 681000 0.001292
 701000 0.000801
 721000 0.000511
 741000 0.000781
 761000 0.000651
 781000 0.000742
 801000 0.000661
 821000 0.000662
 841000 0.000821
 861000 0.000761
 881000 0.000631
 901000 0.000741
 921000 0.000712
 941000 0.000631
 961000 0.000812
 981000 0.000932
1001000 0.000722
1021000 0.000851
1041000 0.000611
1061000 0.000781
1081000 0.000741
1101000 0.000722
1121000 0.000511
1141000 0.000701
1161000 0.000841
1181000 0.000642
1201000 0.000932
1221000 0.000832
1241000 0.000651
1261000 0.000822
1281000 0.000541
1301000 0.000751
1321000 0.000611
1341000 0.000651
1361000 0.000601
1381000 0.000862
1401000 0.000481
1421000 0.000651
1441000 0.000752
1461000 0.000691
1481000 0.000941
1501000 0.000721
1521000 0.000491
1541000 0.000801
1561000 0.000511
1581000 0.000682
1601000 0.000822
1621000 0.000811
1641000 0.000732
1661000 0.000661
1681000 0.000471
1701000 0.000651
1721000 0.000581
1741000 0.000721
1761000 0.000631
1781000 0.000811
1801000 0.000701
1821000 0.000782
1841000 0.000621
1861000 0.001032
1881000 0.000701
1901000 0.000861
1921000 0.000541
1941000 0.000661
1961000 0.000711
1981000 0.000711
2001000 0.000682
2021000 0.000761
2041000 0.000561
2061000 0.000781
2081000 0.000801
2101000 0.000821
2121000 0.000582
2141000 0.000731
2161000 0.000692
2181000 0.000741
2201000 0.000611
2221000 0.000992
2241000 0.000561
2261000 0.000632
2281000 0.000501
2301000 0.000962
2321000 0.000551
2341000 0.000702
2361000 0.000451
2381000 0.000791
2401000 0.000601
2421000 0.001152
2441000 0.000632
2461000 0.000781
2481000 0.000611
2501000 0.000531
2521000 0.000501
2541000 0.000692
2561000 0.000561
2581000 0.000601
2601000 0.000501
2621000 0.000611
2641000 0.000521
2661000 0.000732
2681000 0.000782
2701000 0.000711
2721000 0.000601
2741000 0.000631
2761000 0.000481
2781000 0.000631
2801000 0.000631
2821000 0.000872
2841000 0.000641
2861000 0.000772
2881000 0.000531
2901000 0.000571
2921000 0.000621
2941000 0.000802
2961000 0.000601
2981000 0.000722
3001000 0.000581
3021000 0.000922
3041000 0.000471
3061000 0.000541
3081000 0.000591
3101000 0.000932
3121000 0.001022
3141000 0.000611
3161000 0.000661
3181000 0.000641
3201000 0.001012
3221000 0.000721
3241000 0.000471
3261000 0.000672
3281000 0.000501
3301000 0.000942
3321000 0.000551
3341000 0.000602
3361000 0.000561
3381000 0.000571
3401000 0.000521
3421000 0.000841
3441000 0.000581
3461000 0.000621
3481000 0.000611
3501000 0.000822
3521000 0.000692
3541000 0.000621
3561000 0.000541
3581000 0.000601
3601000 0.000531
3621000 0.000772
3641000 0.000531
3661000 0.000651
3681000 0.000622
3701000 0.000741
3721000 0.000471
3741000 0.000651
3761000 0.000491
3781000 0.000752
3801000 0.000601
3821000 0.000561
3841000 0.000962
3861000 0.000651
3881000 0.000571
3901000 0.000611
3921000 0.000511
3941000 0.000591
3961000 0.000521
3981000 0.000802
4001000 0.000541
4021000 0.000592
4041000 0.000801
4061000 0.000592
4081000 0.000561
4101000 0.000651
4121000 0.000552
4141000 0.000751
4161000 0.000581
4181000 0.000561
4201000 0.000601
4221000 0.000681
4241000 0.000651
4261000 0.000861
4281000 0.000541
4301000 0.001022
4321000 0.000721
4341000 0.000662
4361000 0.000611
4381000 0.000611
4401000 0.000581
4421000 0.000611
4441000 0.000561
4461000 0.000621
4481000 0.000531
4501000 0.000671
4521000 0.000691
4541000 0.000611
4561000 0.000651
4581000 0.000611
4601000 0.000451
4621000 0.000592
4641000 0.000541
4661000 0.000671
4681000 0.000431
4701000 0.000632
4721000 0.000631
4741000 0.000581
4761000 0.000491
4781000 0.000671
4801000 0.000591
4821000 0.000551
4841000 0.000481
4861000 0.000591
4881000 0.000741
4901000 0.001313
4921000 0.000491
4941000 0.000601
4961000 0.000611
4981000 0.000751
5001000 0.008887
5021000 0.007304
5041000 0.001503
5061000 0.001483
5081000 0.001122
5101000 0.001062
5121000 0.000962
5141000 0.001413
5161000 0.001363
5181000 0.003206
5201000 0.001002
5221000 0.002545
5241000 0.001112
5261000 0.001102
5281000 0.001052
5301000 0.001062
5321000 0.001032
5341000 0.001393
5361000 0.001012
5381000 0.000941
5401000 0.001262
5421000 0.000952
5441000 0.001012
5461000 0.001001
5481000 0.000911
5501000 0.001042
5521000 0.001142
5541000 0.000992
5561000 0.001153
5581000 0.001182
5601000 0.000891
5621000 0.000891
5641000 0.001002
5661000 0.001092
5681000 0.001222
5701000 0.000932
5721000 0.000832
5741000 0.002525
5761000 0.000982
5781000 0.001223
5801000 0.000922
5821000 0.000891
5841000 0.000851
5861000 0.000882
5881000 0.007294
5901000 0.001533
5921000 0.001022
5941000 0.001012
5961000 0.001242
5981000 0.000841
6001000 0.001032
6021000 0.000961
6041000 0.000931
6061000 0.000851
6081000 0.000951
6101000 0.001242
6121000 0.001243
6141000 0.001262
6161000 0.001173
6181000 0.001132
6201000 0.000882
6221000 0.002856
6241000 0.000982
6261000 0.002675
6281000 0.001422
6301000 0.001022
6321000 0.001152
6341000 0.000982
6361000 0.001152
6381000 0.000942
6401000 0.000942
6421000 0.001693
6441000 0.001073
6461000 0.000892
6481000 0.001072
6501000 0.001072
6521000 0.000902
6541000 0.001263
6561000 0.001022
6581000 0.001102
6601000 0.001133
6621000 0.001222
6641000 0.001102
6661000 0.001302
6681000 0.000901
6701000 0.001192
6721000 0.000832
6741000 0.000922
6761000 0.000952
6781000 0.003036
6801000 0.000912
6821000 0.001042
6841000 0.000912
6861000 0.000982
6881000 0.000932
6901000 0.001193
6921000 0.000871
6941000 0.000881
6961000 0.000871
6981000 0.000902
7001000 0.000972
7021000 0.000892
7041000 0.000932
7061000 0.001343
7081000 0.000932
7101000 0.000882
7121000 0.000962
7141000 0.000952
7161000 0.000922
7181000 0.000952
7201000 0.001273
7221000 0.000861
7241000 0.000941
7261000 0.001002
7281000 0.000972
7301000 0.003136
7321000 0.000952
7341000 0.000812
7361000 0.000962
7381000 0.001142
7401000 0.000921
7421000 0.000972
7441000 0.001382
7461000 0.000942
7481000 0.001022
7501000 0.000951
7521000 0.001012
7541000 0.001072
7561000 0.001002
7581000 0.001152
7601000 0.001172
7621000 0.001092
7641000 0.001022
7661000 0.000891
7681000 0.000791
7701000 0.000922
7721000 0.001233
7741000 0.000912
7761000 0.000831
7781000 0.000851
7801000 0.000892
7821000 0.000812
7841000 0.002735
7861000 0.000802
7881000 0.000932
7901000 0.000832
7921000 0.000932
7941000 0.001062
7961000 0.000992
7981000 0.001603
8001000 0.000971
8021000 0.000911
8041000 0.000871
8061000 0.001173
8081000 0.000992
8101000 0.000962
8121000 0.001513
8141000 0.000942
8161000 0.001142
8181000 0.001112
8201000 0.000862
8221000 0.000972
8241000 0.001233
8261000 0.000922
8281000 0.000922
8301000 0.001272
8321000 0.000992
8341000 0.000921
8361000 0.002936
8381000 0.001012
8401000 0.001052
8421000 0.001012
8441000 0.000932
8461000 0.000972
8481000 0.001363
8501000 0.000912
8521000 0.000922
8541000 0.001353
8561000 0.001002
8581000 0.000831
8601000 0.000791
8621000 0.001143
8641000 0.000932
8661000 0.000852
8681000 0.001012
8701000 0.000822
8721000 0.001002
8741000 0.001052
8761000 0.001373
8781000 0.000942
8801000 0.000781
8821000 0.000921
8841000 0.000971
8861000 0.000751
8881000 0.002916
8901000 0.000932
8921000 0.000942
8941000 0.000832
8961000 0.001613
8981000 0.001674
9001000 0.001893
9021000 0.000921
9041000 0.000891
9061000 0.000961
9081000 0.001092
9101000 0.000872
9121000 0.001002
9141000 0.000962
9161000 0.000932
9181000 0.001092
9201000 0.001143
9221000 0.001032
9241000 0.000892
9261000 0.001042
9281000 0.001323
9301000 0.000982
9321000 0.001082
9341000 0.000992
9361000 0.000991
9381000 0.001042
9401000 0.002845
9421000 0.000891
9441000 0.000871
9461000 0.000892
9481000 0.001253
9501000 0.001453
9521000 0.000812
9541000 0.001052
9561000 0.000842
9581000 0.001012
9601000 0.000791
9621000 0.000911
9641000 0.001022
9661000 0.001402
9681000 0.000891
9701000 0.000951
9721000 0.001042
9741000 0.000751
9761000 0.000822
9781000 0.001042
9801000 0.001694
9821000 0.001142
9841000 0.000962
9861000 0.000952
9881000 0.001002
9901000 0.000982
9921000 0.001453
9941000 0.005951
9961000 0.004127
9981000 0.004929
