   1000 0.000441
  21000 0.000541
  41000 0.000791
  61000 0.000751
  81000 0.000641
 101000 0.000561
 121000 0.000471
 141000 0.000862
 161000 0.000611
 181000 0.001012
 201000 0.000411
 221000 0.000902
 241000 0.000551
 261000 0.000862
 281000 0.000491
 301000 0.000551
 321000 0.000451
 341000 0.000441
 361000 0.000521
 381000 0.001062
 401000 0.000461
 421000 0.000982
 441000 0.000681
 461000 0.000581
 481000 0.000471
 501000 0.000531
 521000 0.000631
 541000 0.000602
 561000 0.000641
 581000 0.000711
 601000 0.000611
 621000 0.000541
 641000 0.000521
 661000 0.000612
 681000 0.000360
 701000 0.000851
 721000 0.000451
 741000 0.000642
 761000 0.000421
 781000 0.000591
 801000 0.000561
 821000 0.000661
 841000 0.000661
 861000 0.000471
 881000 0.000561
 901000 0.000561
 921000 0.000431
 941000 0.000521
 961000 0.000681
 981000 0.000521
1001000 0.000391
1021000 0.000531
1041000 0.000471
1061000 0.000531
1081000 0.000491
1101000 0.000991
1121000 0.000561
1141000 0.000761
1161000 0.000431
1181000 0.000672
1201000 0.000401
1221000 0.000901
1241000 0.000741
1261000 0.000591
1281000 0.000571
1301000 0.000491
1321000 0.000461
1341000 0.000741
1361000 0.000551
1381000 0.000872
1401000 0.000461
1421000 0.000661
1441000 0.000651
1461000 0.000692
1481000 0.000441
1501000 0.000581
1521000 0.000812
1541000 0.000882
1561000 0.000430
1581000 0.000601
1601000 0.000491
1621000 0.000521
1641000 0.000601
1661000 0.000642
1681000 0.000891
1701000 0.000721
1721000 0.000391
1741000 0.000481
1761000 0.000521
1781000 0.000551
1801000 0.000642
1821000 0.000501
1841000 0.000501
1861000 0.000621
1881000 0.000611
1901000 0.000460
1921000 0.000481
1941000 0.000721
1961000 0.000511
1981000 0.000531
2001000 0.000420
2021000 0.000511
2041000 0.000460
2061000 0.000521
2081000 0.000461
2101000 0.000581
2121000 0.000401
2141000 0.000551
2161000 0.000471
2181000 0.000551
2201000 0.001012
2221000 0.000742
2241000 0.000581
2261000 0.000491
2281000 0.000551
2301000 0.000582
2321000 0.000501
2341000 0.000601
2361000 0.000421
2381000 0.000541
2401000 0.000431
2421000 0.000551
2441000 0.000672
2461000 0.000591
2481000 0.000481
2501000 0.000501
2521000 0.000391
2541000 0.000591
2561000 0.000431
2581000 0.000601
2601000 0.000401
2621000 0.000621
2641000 0.000441
2661000 0.000531
2681000 0.000451
2701000 0.000451
2721000 0.000431
2741000 0.000511
2761000 0.000380
2781000 0.000802
2801000 0.000601
2821000 0.000672
2841000 0.000541
2861000 0.000761
2881000 0.000420
2901000 0.000591
2921000 0.000451
2941000 0.000711
2961000 0.000391
2981000 0.000531
3001000 0.000431
3021000 0.000571
3041000 0.000561
3061000 0.000551
3081000 0.000481
3101000 0.000531
3121000 0.000481
3141000 0.000661
3161000 0.000861
3181000 0.000632
3201000 0.000611
3221000 0.000431
3241000 0.000341
3261000 0.000541
3281000 0.000471
3301000 0.001002
3321000 0.000822
3341000 0.000551
3361000 0.000611
3381000 0.000541
3401000 0.000401
3421000 0.000642
3441000 0.000360
3461000 0.000450
3481000 0.000661
3501000 0.000581
3521000 0.000461
3541000 0.000752
3561000 0.000330
3581000 0.000781
3601000 0.000631
3621000 0.000551
3641000 0.000361
3661000 0.000851
3681000 0.000762
3701000 0.000541
3721000 0.000401
3741000 0.000511
3761000 0.000421
3781000 0.000431
3801000 0.000331
3821000 0.000892
3841000 0.000821
3861000 0.000431
3881000 0.000732
3901000 0.000501
3921000 0.000381
3941000 0.000471
3961000 0.000611
3981000 0.000822
4001000 0.000812
4021000 0.000571
4041000 0.000461
4061000 0.000832
4081000 0.000631
4101000 0.000762
4121000 0.000451
4141000 0.000441
4161000 0.000380
4181000 0.000681
4201000 0.000421
4221000 0.000481
4241000 0.000721
4261000 0.000911
4281000 0.000461
4301000 0.000562
4321000 0.000941
4341000 0.000761
4361000 0.000591
4381000 0.001042
4401000 0.000440
4421000 0.000410
4441000 0.000721
4461000 0.000711
4481000 0.000631
4501000 0.000862
4521000 0.000441
4541000 0.001012
4561000 0.000501
4581000 0.000521
4601000 0.000431
4621000 0.000581
4641000 0.000451
4661000 0.000892
4681000 0.000481
4701000 0.000722
4721000 0.000390
4741000 0.000831
4761000 0.000321
4781000 0.000571
4801000 0.000471
4821000 0.000622
4841000 0.000360
4861000 0.000500
4881000 0.000410
4901000 0.000761
4921000 0.000712
4941000 0.000721
4961000 0.000611
4981000 0.000421
5001000 0.009819
5021000 0.001193
5041000 0.001182
5061000 0.001623
5081000 0.001462
5101000 0.001022
5121000 0.000971
5141000 0.000882
5161000 0.000861
5181000 0.001042
5201000 0.000711
5221000 0.001353
5241000 0.000912
5261000 0.001122
5281000 0.000972
5301000 0.003818
5321000 0.001052
5341000 0.002274
5361000 0.000632
5381000 0.000751
5401000 0.001183
5421000 0.000801
5441000 0.001052
5461000 0.001463
5481000 0.000882
5501000 0.000892
5521000 0.000772
5541000 0.001092
5561000 0.001453
5581000 0.000882
5601000 0.000942
5621000 0.000591
5641000 0.000812
5661000 0.000711
5681000 0.001152
5701000 0.001001
5721000 0.001262
5741000 0.000792
5761000 0.001453
5781000 0.000871
5801000 0.000812
5821000 0.003196
5841000 0.000962
5861000 0.001503
5881000 0.001001
5901000 0.001032
5921000 0.001863
5941000 0.000641
5961000 0.000862
5981000 0.001082
6001000 0.001072
6021000 0.001042
6041000 0.000812
6061000 0.001142
6081000 0.000962
6101000 0.001463
6121000 0.001122
6141000 0.001022
6161000 0.001022
6181000 0.000791
6201000 0.001032
6221000 0.001143
6241000 0.001232
6261000 0.001072
6281000 0.000871
6301000 0.001283
6321000 0.001042
6341000 0.003717
6361000 0.001333
6381000 0.002725
6401000 0.001012
6421000 0.001052
6441000 0.000901
6461000 0.001032
6481000 0.000821
6501000 0.000972
6521000 0.001643
6541000 0.001743
6561000 0.001062
6581000 0.001182
6601000 0.001412
6621000 0.001173
6641000 0.001302
6661000 0.000912
6681000 0.000942
6701000 0.000782
6721000 0.001132
6741000 0.001243
6761000 0.000761
6781000 0.000882
6801000 0.001413
6821000 0.001473
6841000 0.000792
6861000 0.003046
6881000 0.001222
6901000 0.000882
6921000 0.000711
6941000 0.001082
6961000 0.000751
6981000 0.000922
7001000 0.001203
7021000 0.001252
7041000 0.001062
7061000 0.000742
7081000 0.001312
7101000 0.000781
7121000 0.000671
7141000 0.000561
7161000 0.000671
7181000 0.000702
7201000 0.001222
7221000 0.000822
7241000 0.001012
7261000 0.001403
7281000 0.000731
7301000 0.000862
7321000 0.000862
7341000 0.000651
7361000 0.001193
7381000 0.000881
7401000 0.003136
7421000 0.000681
7441000 0.000842
7461000 0.001332
7481000 0.002184
7501000 0.001423
7521000 0.001503
7541000 0.000871
7561000 0.000971
7581000 0.000911
7601000 0.000711
7621000 0.000771
7641000 0.000841
7661000 0.000521
7681000 0.000561
7701000 0.000581
7721000 0.000551
7741000 0.000531
7761000 0.000732
7781000 0.000541
7801000 0.000952
7821000 0.000681
7841000 0.000672
7861000 0.000832
7881000 0.000631
7901000 0.000641
7921000 0.002746
7941000 0.000681
7961000 0.000672
7981000 0.000711
8001000 0.000681
8021000 0.000751
8041000 0.000511
8061000 0.000571
8081000 0.000792
8101000 0.000571
8121000 0.000792
8141000 0.000812
8161000 0.000641
8181000 0.000571
8201000 0.000591
8221000 0.000711
8241000 0.000511
8261000 0.000672
8281000 0.000811
8301000 0.000722
8321000 0.000661
8341000 0.000782
8361000 0.000641
8381000 0.000581
8401000 0.000781
8421000 0.000541
8441000 0.002104
8461000 0.000651
8481000 0.000651
8501000 0.000932
8521000 0.000591
8541000 0.000571
8561000 0.000731
8581000 0.000612
8601000 0.000571
8621000 0.000641
8641000 0.000571
8661000 0.000561
8681000 0.000601
8701000 0.000701
8721000 0.001011
8741000 0.000501
8761000 0.000621
8781000 0.000621
8801000 0.000581
8821000 0.000631
8841000 0.000621
8861000 0.000692
8881000 0.000651
8901000 0.000661
8921000 0.001162
8941000 0.000771
8961000 0.002074
8981000 0.000701
9001000 0.000591
9021000 0.000632
9041000 0.000681
9061000 0.000591
9081000 0.000662
9101000 0.000872
9121000 0.000731
9141000 0.000762
9161000 0.000731
9181000 0.000592
9201000 0.000721
9221000 0.000571
9241000 0.000531
9261000 0.000551
9281000 0.000581
9301000 0.000591
9321000 0.001203
9341000 0.000661
9361000 0.000721
9381000 0.000601
9401000 0.000691
9421000 0.000581
9441000 0.000661
9461000 0.000671
9481000 0.000642
9501000 0.004048
9521000 0.004108
9541000 0.003546
9561000 0.003877
9581000 0.003537
9601000 0.003377
9621000 0.003386
9641000 0.004208
9661000 0.003627
9681000 0.004087
9701000 0.004017
9721000 0.003838
9741000 0.003647
9761000 0.003366
9781000 0.003637
9801000 0.003546
9821000 0.004007
9841000 0.003657
9861000 0.003918
9881000 0.003246
9901000 0.003537
9921000 0.003507
9941000 0.004268
9961000 0.003296
9981000 0.004408
