   1000 0.000510
  21000 0.000621
  41000 0.000471
  61000 0.000601
  81000 0.000681
 101000 0.000902
 121000 0.001303
 141000 0.000922
 161000 0.000741
 181000 0.001072
 201000 0.000762
 221000 0.000922
 241000 0.001082
 261000 0.001232
 281000 0.000531
 301000 0.000882
 321000 0.000872
 341000 0.001102
 361000 0.000661
 381000 0.001032
 401000 0.000891
 421000 0.001083
 441000 0.000861
 461000 0.000741
 481000 0.000641
 501000 0.191255
 521000 0.000822
 541000 0.001573
 561000 0.001493
 581000 0.002405
 601000 0.001022
 621000 0.001533
 641000 0.001412
 661000 0.001032
 681000 0.000621
 701000 0.001032
 721000 0.000631
 741000 0.001072
 761000 0.000771
 781000 0.001734
 801000 0.001182
 821000 0.001393
 841000 0.001062
 861000 0.001393
 881000 0.001242
 901000 0.001793
 921000 0.000792
 941000 0.001142
 961000 0.000621
 981000 0.000801
1001000 0.001012
1021000 0.000711
1041000 0.000631
1061000 0.000942
1081000 0.000742
1101000 0.000821
1121000 0.000591
1141000 0.000712
1161000 0.000571
1181000 0.001002
1201000 0.000602
1221000 0.001002
1241000 0.000591
1261000 0.001062
1281000 0.000621
1301000 0.001102
1321000 0.000972
1341000 0.000952
1361000 0.000722
1381000 0.000661
1401000 0.000541
1421000 0.000781
1441000 0.001042
1461000 0.000781
1481000 0.000612
1501000 0.000701
1521000 0.000672
1541000 0.000781
1561000 0.000611
1581000 0.000732
1601000 0.000661
1621000 0.000732
1641000 0.000621
1661000 0.000852
1681000 0.000531
1701000 0.000682
1721000 0.000621
1741000 0.000722
1761000 0.000651
1781000 0.000722
1801000 0.000611
1821000 0.000912
1841000 0.000451
1861000 0.000652
1881000 0.000471
1901000 0.000531
1921000 0.000551
1941000 0.000632
1961000 0.000501
1981000 0.000501
2001000 0.000481
2021000 0.000581
2041000 0.000451
2061000 0.000852
2081000 0.000461
2101000 0.000521
2121000 0.000572
2141000 0.000571
2161000 0.000451
2181000 0.000711
2201000 0.000490
2221000 0.000561
2241000 0.000461
2261000 0.000531
2281000 0.000461
2301000 0.000662
2321000 0.000491
2341000 0.000571
2361000 0.000491
2381000 0.000551
2401000 0.000481
2421000 0.000551
2441000 0.000541
2461000 0.000501
2481000 0.000481
2501000 0.028104
2521000 0.000511
2541000 0.000912
2561000 0.000481
2581000 0.000771
2601000 0.000712
2621000 0.000521
2641000 0.000651
2661000 0.000531
2681000 0.000471
2701000 0.000611
2721000 0.000511
2741000 0.000612
2761000 0.000601
2781000 0.000561
2801000 0.000632
2821000 0.000711
2841000 0.000511
2861000 0.000701
2881000 0.000601
2901000 0.000742
2921000 0.000551
2941000 0.000792
2961000 0.001082
2981000 0.000661
3001000 0.000641
3021000 0.000862
3041000 0.000641
3061000 0.000752
3081000 0.000571
3101000 0.000651
3121000 0.000661
3141000 0.000641
3161000 0.000491
3181000 0.001302
3201000 0.000722
3221000 0.000891
3241000 0.000741
3261000 0.000682
3281000 0.000421
3301000 0.000661
3321000 0.000692
3341000 0.001032
3361000 0.000701
3381000 0.000591
3401000 0.000511
3421000 0.001042
3441000 0.000822
3461000 0.000831
3481000 0.000490
3501000 0.000581
3521000 0.000501
3541000 0.001232
3561000 0.000390
3581000 0.000531
3601000 0.000591
3621000 0.000942
3641000 0.000571
3661000 0.000772
3681000 0.000531
3701000 0.000962
3721000 0.000531
3741000 0.000732
3761000 0.000611
3781000 0.000611
3801000 0.000491
3821000 0.000891
3841000 0.000761
3861000 0.000601
3881000 0.000491
3901000 0.000771
3921000 0.000682
3941000 0.000821
3961000 0.000460
3981000 0.000571
4001000 0.000661
4021000 0.000702
4041000 0.000481
4061000 0.000711
4081000 0.000490
4101000 0.000611
4121000 0.000681
4141000 0.000531
4161000 0.000461
4181000 0.000861
4201000 0.000661
4221000 0.000531
4241000 0.000531
4261000 0.000722
4281000 0.001312
4301000 0.001182
4321000 0.000751
4341000 0.000631
4361000 0.000761
4381000 0.000531
4401000 0.000611
4421000 0.000842
4441000 0.000491
4461000 0.000641
4481000 0.000500
4501000 0.000561
4521000 0.000571
4541000 0.000611
4561000 0.000601
4581000 0.000771
4601000 0.000631
4621000 0.000711
4641000 0.000501
4661000 0.000511
4681000 0.000531
4701000 0.000701
4721000 0.000612
4741000 0.000992
4761000 0.000741
4781000 0.000771
4801000 0.000601
4821000 0.000601
4841000 0.000601
4861000 0.000581
4881000 0.000912
4901000 0.000872
4921000 0.000421
4941000 0.000732
4961000 0.000881
4981000 0.000591
5001000 0.015480
5021000 0.001683
5041000 0.001733
5061000 0.003406
5081000 0.002555
5101000 0.002195
5121000 0.001613
5141000 0.001814
5161000 0.004138
5181000 0.000761
5201000 0.001292
5221000 0.001333
5241000 0.001022
5261000 0.000962
5281000 0.001293
5301000 0.000982
5321000 0.001082
5341000 0.001954
5361000 0.000852
5381000 0.001252
5401000 0.001743
5421000 0.000902
5441000 0.001122
5461000 0.000992
5481000 0.001322
5501000 0.002285
5521000 0.000821
5541000 0.000971
5561000 0.001222
5581000 0.000782
5601000 0.000992
5621000 0.001974
5641000 0.001222
5661000 0.000952
5681000 0.004840
5701000 0.001202
5721000 0.001032
5741000 0.001293
5761000 0.001463
5781000 0.001212
5801000 0.001382
5821000 0.001223
5841000 0.000802
5861000 0.000881
5881000 0.001452
5901000 0.001412
5921000 0.000732
5941000 0.001793
5961000 0.000721
5981000 0.001263
6001000 0.001302
6021000 0.000962
6041000 0.001042
6061000 0.001472
6081000 0.000981
6101000 0.003176
6121000 0.001282
6141000 0.001843
6161000 0.001483
6181000 0.001183
6201000 0.003757
6221000 0.001353
6241000 0.000681
6261000 0.001523
6281000 0.000862
6301000 0.000932
6321000 0.001293
6341000 0.001383
6361000 0.001092
6381000 0.001212
6401000 0.001041
6421000 0.001062
6441000 0.000892
6461000 0.000881
6481000 0.001282
6501000 0.000742
6521000 0.000851
6541000 0.001232
6561000 0.001052
6581000 0.001263
6601000 0.000922
6621000 0.001523
6641000 0.000912
6661000 0.001062
6681000 0.001263
6701000 0.001202
6721000 0.005070
6741000 0.002204
6761000 0.001022
6781000 0.001773
6801000 0.001092
6821000 0.001573
6841000 0.000781
6861000 0.001032
6881000 0.000831
6901000 0.001533
6921000 0.001373
6941000 0.001804
6961000 0.001262
6981000 0.001533
7001000 0.000821
7021000 0.001593
7041000 0.001042
7061000 0.000811
7081000 0.001203
7101000 0.000962
7121000 0.000802
7141000 0.000791
7161000 0.001072
7181000 0.001382
7201000 0.000892
7221000 0.000772
7241000 0.000691
7261000 0.003838
7281000 0.000802
7301000 0.000851
7321000 0.000651
7341000 0.000661
7361000 0.000722
7381000 0.000691
7401000 0.000632
7421000 0.001122
7441000 0.000631
7461000 0.001052
7481000 0.001162
7501000 0.000912
7521000 0.000541
7541000 0.000551
7561000 0.000741
7581000 0.000902
7601000 0.000752
7621000 0.000821
7641000 0.000832
7661000 0.000832
7681000 0.001232
7701000 0.000971
7721000 0.001112
7741000 0.001282
7761000 0.001333
7781000 0.003146
7801000 0.000582
7821000 0.000671
7841000 0.000702
7861000 0.000871
7881000 0.001082
7901000 0.000591
7921000 0.000711
7941000 0.000641
7961000 0.000631
7981000 0.000752
8001000 0.000721
8021000 0.000621
8041000 0.000912
8061000 0.000721
8081000 0.000712
8101000 0.000551
8121000 0.000661
8141000 0.000691
8161000 0.000892
8181000 0.000842
8201000 0.000771
8221000 0.001122
8241000 0.000691
8261000 0.000732
8281000 0.001713
8301000 0.003607
8321000 0.000912
8341000 0.000912
8361000 0.000842
8381000 0.000681
8401000 0.001032
8421000 0.000671
8441000 0.000822
8461000 0.000741
8481000 0.001272
8501000 0.000912
8521000 0.000762
8541000 0.001012
8561000 0.000671
8581000 0.000672
8601000 0.001032
8621000 0.000621
8641000 0.000752
8661000 0.000701
8681000 0.000712
8701000 0.000912
8721000 0.000972
8741000 0.000671
8761000 0.000932
8781000 0.000772
8801000 0.000671
8821000 0.002766
8841000 0.000741
8861000 0.000701
8881000 0.000922
8901000 0.000792
8921000 0.000711
8941000 0.000541
8961000 0.001213
8981000 0.000791
9001000 0.001282
9021000 0.000982
9041000 0.001213
9061000 0.000641
9081000 0.000942
9101000 0.000702
9121000 0.000701
9141000 0.000722
9161000 0.000801
9181000 0.001232
9201000 0.001042
9221000 0.000722
9241000 0.000611
9261000 0.000591
9281000 0.000651
9301000 0.000912
9321000 0.000781
9341000 0.002043
9361000 0.000751
9381000 0.000732
9401000 0.000621
9421000 0.000762
9441000 0.000841
9461000 0.000691
9481000 0.000712
9501000 0.000691
9521000 0.000712
9541000 0.000621
9561000 0.000952
9581000 0.000621
9601000 0.000592
9621000 0.000621
9641000 0.000932
9661000 0.000711
9681000 0.000901
9701000 0.000691
9721000 0.000641
9741000 0.000682
9761000 0.000801
9781000 0.000661
9801000 0.000792
9821000 0.001042
9841000 0.000581
9861000 0.000591
9881000 0.089140
9901000 0.005290
9921000 0.003767
9941000 0.004739
9961000 0.003517
9981000 0.004178
