   1000 0.000471
  21000 0.000672
  41000 0.000832
  61000 0.000741
  81000 0.000722
 101000 0.001142
 121000 0.000541
 141000 0.000711
 161000 0.000581
 181000 0.000722
 201000 0.000771
 221000 0.000711
 241000 0.000521
 261000 0.000841
 281000 0.000782
 301000 0.000671
 321000 0.000532
 341000 0.000891
 361000 0.000541
 381000 0.000821
 401000 0.000571
 421000 0.000671
 441000 0.000541
 461000 0.000732
 481000 0.000531
 501000 0.000581
 521000 0.000541
 541000 0.000811
 561000 0.000782
 581000 0.000752
 601000 0.000461
 621000 0.000751
 641000 0.000541
 661000 0.000591
 681000 0.000451
 701000 0.000632
 721000 0.000451
 741000 0.000892
 761000 0.000541
 781000 0.000561
 801000 0.000461
 821000 0.000541
 841000 0.000470
 861000 0.000551
 881000 0.000451
 901000 0.000621
 921000 0.000621
 941000 0.000681
 961000 0.000451
 981000 0.000681
1001000 0.000491
1021000 0.000631
1041000 0.000461
1061000 0.000651
1081000 0.000491
1101000 0.000661
1121000 0.000531
1141000 0.000622
1161000 0.000481
1181000 0.000621
1201000 0.000852
1221000 0.000611
1241000 0.000501
1261000 0.000641
1281000 0.000491
1301000 0.000551
1321000 0.000491
1341000 0.000551
1361000 0.000581
1381000 0.000601
1401000 0.000481
1421000 0.000691
1441000 0.000601
1461000 0.000562
1481000 0.000501
1501000 0.000571
1521000 0.000481
1541000 0.000601
1561000 0.000491
1581000 0.000561
1601000 0.000511
1621000 0.000691
1641000 0.000631
1661000 0.000581
1681000 0.000581
1701000 0.000592
1721000 0.000471
1741000 0.000661
1761000 0.000501
1781000 0.000562
1801000 0.000521
1821000 0.000561
1841000 0.000571
1861000 0.000572
1881000 0.000511
1901000 0.000571
1921000 0.000481
1941000 0.000621
1961000 0.000481
1981000 0.000591
2001000 0.000521
2021000 0.000561
2041000 0.000491
2061000 0.000571
2081000 0.000461
2101000 0.000641
2121000 0.000531
2141000 0.000601
2161000 0.000491
2181000 0.000611
2201000 0.000571
2221000 0.000581
2241000 0.000521
2261000 0.000671
2281000 0.000480
2301000 0.000541
2321000 0.000521
2341000 0.000551
2361000 0.000481
2381000 0.000511
2401000 0.000511
2421000 0.000511
2441000 0.000521
2461000 0.000531
2481000 0.000521
2501000 0.000521
2521000 0.000541
2541000 0.000521
2561000 0.000411
2581000 0.000551
2601000 0.000521
2621000 0.000531
2641000 0.000531
2661000 0.000552
2681000 0.000731
2701000 0.000612
2721000 0.000701
2741000 0.000672
2761000 0.000601
2781000 0.000661
2801000 0.000621
2821000 0.000651
2841000 0.000542
2861000 0.000591
2881000 0.000661
2901000 0.000671
2921000 0.000571
2941000 0.000702
2961000 0.000571
2981000 0.000651
3001000 0.000501
3021000 0.000641
3041000 0.000431
3061000 0.000531
3081000 0.000511
3101000 0.000621
3121000 0.000491
3141000 0.000651
3161000 0.000501
3181000 0.000741
3201000 0.000531
3221000 0.000631
3241000 0.000481
3261000 0.000742
3281000 0.000551
3301000 0.000892
3321000 0.000421
3341000 0.000581
3361000 0.000511
3381000 0.000511
3401000 0.000531
3421000 0.000681
3441000 0.000481
3461000 0.000582
3481000 0.000431
3501000 0.000501
3521000 0.000491
3541000 0.000671
3561000 0.000470
3581000 0.000561
3601000 0.000451
3621000 0.000541
3641000 0.000491
3661000 0.000571
3681000 0.000571
3701000 0.000511
3721000 0.000441
3741000 0.000551
3761000 0.000431
3781000 0.000521
3801000 0.000551
3821000 0.000671
3841000 0.000491
3861000 0.000531
3881000 0.000541
3901000 0.000571
3921000 0.000461
3941000 0.000521
3961000 0.000431
3981000 0.000551
4001000 0.000451
4021000 0.000511
4041000 0.000471
4061000 0.000541
4081000 0.000491
4101000 0.000521
4121000 0.000441
4141000 0.000531
4161000 0.000501
4181000 0.000501
4201000 0.000521
4221000 0.000592
4241000 0.000501
4261000 0.000561
4281000 0.000451
4301000 0.000561
4321000 0.000521
4341000 0.000511
4361000 0.000501
4381000 0.000531
4401000 0.000441
4421000 0.000541
4441000 0.000460
4461000 0.000611
4481000 0.000491
4501000 0.000541
4521000 0.000521
4541000 0.000521
4561000 0.000531
4581000 0.000531
4601000 0.000491
4621000 0.000571
4641000 0.000450
4661000 0.000521
4681000 0.000491
4701000 0.000581
4721000 0.000521
4741000 0.000572
4761000 0.000491
4781000 0.000491
4801000 0.000521
4821000 0.000471
4841000 0.000461
4861000 0.000531
4881000 0.000581
4901000 0.000591
4921000 0.000451
4941000 0.000551
4961000 0.000450
4981000 0.000531
5001000 0.009418
5021000 0.004789
5041000 0.002074
5061000 0.002524
5081000 0.001763
5101000 0.002034
5121000 0.001583
5141000 0.002064
5161000 0.001663
5181000 0.002204
5201000 0.002154
5221000 0.001543
5241000 0.002013
5261000 0.002064
5281000 0.001913
5301000 0.001613
5321000 0.001503
5341000 0.001964
5361000 0.002004
5381000 0.001894
5401000 0.001493
5421000 0.001753
5441000 0.001512
5461000 0.001342
5481000 0.001664
5501000 0.001573
5521000 0.001844
5541000 0.004108
5561000 0.001162
5581000 0.001733
5601000 0.001342
5621000 0.001323
5641000 0.001343
5661000 0.001323
5681000 0.001212
5701000 0.001663
5721000 0.001132
5741000 0.001673
5761000 0.001082
5781000 0.001202
5801000 0.001002
5821000 0.002174
5841000 0.000931
5861000 0.000831
5881000 0.000672
5901000 0.001052
5921000 0.000952
5941000 0.001162
5961000 0.000772
5981000 0.000922
6001000 0.001012
6021000 0.001302
6041000 0.001202
6061000 0.002835
6081000 0.000771
6101000 0.001032
6121000 0.000742
6141000 0.000972
6161000 0.000802
6181000 0.000992
6201000 0.000972
6221000 0.001102
6241000 0.000741
6261000 0.000841
6281000 0.000942
6301000 0.001022
6321000 0.000982
6341000 0.000932
6361000 0.001303
6381000 0.000922
6401000 0.000822
6421000 0.000911
6441000 0.000821
6461000 0.000952
6481000 0.000672
6501000 0.001212
6521000 0.001012
6541000 0.000762
6561000 0.000751
6581000 0.002414
6601000 0.000682
6621000 0.000771
6641000 0.001183
6661000 0.000912
6681000 0.000861
6701000 0.000651
6721000 0.000711
6741000 0.000922
6761000 0.000722
6781000 0.000821
6801000 0.001042
6821000 0.000761
6841000 0.000922
6861000 0.000732
6881000 0.000701
6901000 0.000652
6921000 0.000691
6941000 0.000712
6961000 0.000631
6981000 0.000732
7001000 0.000911
7021000 0.000911
7041000 0.000641
7061000 0.000651
7081000 0.000591
7101000 0.000731
7121000 0.002655
7141000 0.000702
7161000 0.000721
7181000 0.000782
7201000 0.000822
7221000 0.000791
7241000 0.000642
7261000 0.000741
7281000 0.000972
7301000 0.000702
7321000 0.001052
7341000 0.000651
7361000 0.000681
7381000 0.000792
7401000 0.000591
7421000 0.000651
7441000 0.000732
7461000 0.000611
7481000 0.000732
7501000 0.000621
7521000 0.000952
7541000 0.000631
7561000 0.000672
7581000 0.000832
7601000 0.000681
7621000 0.000681
7641000 0.002885
7661000 0.001002
7681000 0.000591
7701000 0.000671
7721000 0.000621
7741000 0.000632
7761000 0.000651
7781000 0.000531
7801000 0.000501
7821000 0.000541
7841000 0.000571
7861000 0.000581
7881000 0.001012
7901000 0.000682
7921000 0.000631
7941000 0.000581
7961000 0.000822
7981000 0.000641
8001000 0.000562
8021000 0.000651
8041000 0.000561
8061000 0.000571
8081000 0.000831
8101000 0.000571
8121000 0.000941
8141000 0.000661
8161000 0.002976
8181000 0.000641
8201000 0.000571
8221000 0.000621
8241000 0.000611
8261000 0.000862
8281000 0.000681
8301000 0.000612
8321000 0.000651
8341000 0.000681
8361000 0.000771
8381000 0.000591
8401000 0.000611
8421000 0.000551
8441000 0.001032
8461000 0.000651
8481000 0.000741
8501000 0.000591
8521000 0.000692
8541000 0.000631
8561000 0.000662
8581000 0.000721
8601000 0.000712
8621000 0.000601
8641000 0.001012
8661000 0.000631
8681000 0.002705
8701000 0.000791
8721000 0.000611
8741000 0.000591
8761000 0.000702
8781000 0.001042
8801000 0.000611
8821000 0.000682
8841000 0.000641
8861000 0.000721
8881000 0.000661
8901000 0.000731
8921000 0.000721
8941000 0.000772
8961000 0.000641
8981000 0.000872
9001000 0.000731
9021000 0.000761
9041000 0.000732
9061000 0.000831
9081000 0.000542
9101000 0.000611
9121000 0.000651
9141000 0.000622
9161000 0.000671
9181000 0.001032
9201000 0.002265
9221000 0.000751
9241000 0.000782
9261000 0.000621
9281000 0.000732
9301000 0.000681
9321000 0.001153
9341000 0.000621
9361000 0.000702
9381000 0.000631
9401000 0.000631
9421000 0.000632
9441000 0.000681
9461000 0.000591
9481000 0.000681
9501000 0.000671
9521000 0.000551
9541000 0.000941
9561000 0.000511
9581000 0.000601
9601000 0.000591
9621000 0.000632
9641000 0.000611
9661000 0.000621
9681000 0.000662
9701000 0.000861
9721000 0.001022
9741000 0.003727
9761000 0.003827
9781000 0.003927
9801000 0.003667
9821000 0.004098
9841000 0.003297
9861000 0.003707
9881000 0.003877
9901000 0.003887
9921000 0.003727
9941000 0.004408
9961000 0.003166
9981000 0.003727
